"CRAFT_ID","LON","LAT","COURSE","SPEED","TIMESTAMP","Track_ID"
"2089646367",114.178823333,-15.0397083333,192,8.5,"2020-11-06 07:29:52","2020TankerNov1"
"2089646367",114.145495,-15.1861166667,195,8.2,"2020-11-06 08:34:51","2020TankerNov1"
"2089646367",114.112648333,-15.3181333333,193.5,8.2,"2020-11-06 09:34:51","2020TankerNov1"
"2089646367",114.078436667,-15.4593966667,190.8,8,"2020-11-06 10:39:42","2020TankerNov1"
"2089646367",114.048831667,-15.590325,194.7,8,"2020-11-06 11:39:52","2020TankerNov1"
"2089646367",114.017555,-15.71911,186.4,7.8,"2020-11-06 12:39:52","2020TankerNov1"
"2089646367",113.982796667,-15.8628866667,192.3,9,"2020-11-06 13:44:51","2020TankerNov1"
"2089646367",113.947018333,-16.0100333333,194.1,9.1,"2020-11-06 14:44:52","2020TankerNov1"
"2089646367",113.908175,-16.1704333333,192.1,9,"2020-11-06 15:49:40","2020TankerNov1"
"2089646367",113.872606667,-16.31461,192.7,8.6,"2020-11-06 16:49:51","2020TankerNov1"
"2089646367",113.836581667,-16.4605633333,193.6,9.3,"2020-11-06 17:49:51","2020TankerNov1"
"2089646367",113.798476667,-16.613455,194.8,9.6,"2020-11-06 18:49:51","2020TankerNov1"
"2089646367",113.763218333,-16.763055,192.9,9,"2020-11-06 19:49:52","2020TankerNov1"
"2089646367",113.727481667,-16.9088216667,192.6,8.7,"2020-11-06 20:49:52","2020TankerNov1"
"2089646367",113.688693333,-17.0654416667,195.1,8.9,"2020-11-06 21:54:52","2020TankerNov1"
"2089646367",113.65367,-17.2090516667,192.1,8.8,"2020-11-06 22:54:52","2020TankerNov1"
"2089646367",113.622515,-17.35078,192.8,9.1,"2020-11-06 23:54:52","2020TankerNov1"
"2089646367",113.579243333,-17.5134966667,194.7,9.3,"2020-11-07 00:59:52","2020TankerNov1"
"2089646367",113.54151,-17.66603,193.7,9.6,"2020-11-07 01:59:52","2020TankerNov1"
"2089646367",113.500155,-17.8355233333,195.3,9.6,"2020-11-07 03:04:52","2020TankerNov1"
"2089646367",113.4586,-18.006405,195.8,9.6,"2020-11-07 04:09:52","2020TankerNov1"
"2089646367",113.416593333,-18.178185,193.4,9.8,"2020-11-07 05:14:52","2020TankerNov1"
"2089646367",113.371848333,-18.352535,192.9,9.9,"2020-11-07 06:19:51","2020TankerNov1"
"2089646367",113.331105,-18.5172833333,194,9.9,"2020-11-07 07:19:52","2020TankerNov1"
"2089646367",113.291635,-18.680265,192.6,10.2,"2020-11-07 08:19:52","2020TankerNov1"
"2089646367",113.24888,-18.8627416667,191.4,10.4,"2020-11-07 09:24:52","2020TankerNov1"
"2089646367",113.209733333,-19.0330983333,194.4,10.4,"2020-11-07 10:24:52","2020TankerNov1"
"2089646367",113.15914,-19.2182266667,194.3,10.6,"2020-11-07 11:29:52","2020TankerNov1"
"2089646367",113.11464,-19.3959233333,192.1,10.9,"2020-11-07 12:29:52","2020TankerNov1"
"2089646367",113.068175,-19.5844533333,194.1,9.7,"2020-11-07 13:34:51","2020TankerNov1"
"2089646367",113.031631667,-19.7347666667,193.1,9,"2020-11-07 14:34:51","2020TankerNov1"
"2089646367",112.99306,-19.8840283333,193.4,9.3,"2020-11-07 15:34:51","2020TankerNov1"
"2089646367",112.956546667,-20.0373216667,193.8,9.5,"2020-11-07 16:34:51","2020TankerNov1"
"2089646367",112.912781667,-20.2056916667,193.4,9.3,"2020-11-07 17:39:41","2020TankerNov1"
"2089646367",112.875141667,-20.3594866667,192.8,9.3,"2020-11-07 18:39:52","2020TankerNov1"
"2089646367",112.833583333,-20.5216516667,191.3,9.1,"2020-11-07 19:44:52","2020TankerNov1"
"2089646367",112.793968333,-20.683025,194,9,"2020-11-07 20:49:52","2020TankerNov1"
"2089646367",112.758458333,-20.82901,196.2,8.9,"2020-11-07 21:49:52","2020TankerNov1"
"2089646367",112.721646667,-20.9762766667,190.2,8.9,"2020-11-07 22:49:52","2020TankerNov1"
"2089646367",112.684593333,-21.1034266667,195,6.9,"2020-11-07 23:49:52","2020TankerNov1"
"2089646367",112.656295,-21.2341283333,188.7,6.9,"2020-11-08 00:59:52","2020TankerNov1"
"2089646367",112.628635,-21.3457466667,193.5,6.7,"2020-11-08 01:59:52","2020TankerNov1"
"2089646367",112.599586667,-21.4614133333,195.3,6.4,"2020-11-08 03:04:50","2020TankerNov1"
"2089646367",112.57241,-21.568325,193.9,6.6,"2020-11-08 04:04:53","2020TankerNov1"
"2089646367",112.541253333,-21.68847,193.4,6.8,"2020-11-08 05:09:51","2020TankerNov1"
"2089646367",112.5094,-21.7993333333,193.8,6.9,"2020-11-08 06:09:51","2020TankerNov1"
"2089646367",112.481721667,-21.91433,190.9,7.2,"2020-11-08 07:09:51","2020TankerNov1"
"2089646367",112.455121667,-22.0369133333,193.8,11,"2020-11-08 08:09:52","2020TankerNov1"
"2089646367",112.395568333,-22.2437416667,195.4,10,"2020-11-08 09:14:52","2020TankerNov1"
"2089646367",112.359535,-22.403975,190.4,9.8,"2020-11-08 10:14:53","2020TankerNov1"
"2089646367",112.320466667,-22.58106,193.7,9.9,"2020-11-08 11:19:50","2020TankerNov1"
"2089646367",112.277028333,-22.7440533333,193.8,10.1,"2020-11-08 12:19:52","2020TankerNov1"
"2089646367",112.232915,-22.9184216667,193.5,9.9,"2020-11-08 13:24:51","2020TankerNov1"
"2089646367",112.191063333,-23.08027,193.1,10.1,"2020-11-08 14:24:51","2020TankerNov1"
"2089646367",112.148835,-23.2408866667,192.5,9.9,"2020-11-08 15:24:51","2020TankerNov1"
"2089646367",112.106363333,-23.4129266667,192.6,9.7,"2020-11-08 16:29:51","2020TankerNov1"
"2089646367",112.064535,-23.5674,194.5,9.5,"2020-11-08 17:29:51","2020TankerNov1"
"2089646367",112.021551667,-23.7381333333,192.3,9.9,"2020-11-08 18:34:31","2020TankerNov1"
"2089646367",111.976395,-23.9116533333,196.3,10.2,"2020-11-08 19:38:51","2020TankerNov1"
"2089646367",111.93614,-24.0822933333,192.4,10.1,"2020-11-08 20:40:51","2020TankerNov1"
"2089646367",111.899006667,-24.2578183333,191.2,10.3,"2020-11-08 21:43:42","2020TankerNov1"
"2089646367",111.848753333,-24.446565,194.5,10.9,"2020-11-08 22:49:42","2020TankerNov1"
"2089646367",111.7986,-24.62262,196.2,7.3,"2020-11-09 00:07:01","2020TankerNov1"
"2089646367",111.759086667,-24.7639133333,191.2,7.7,"2020-11-09 01:16:41","2020TankerNov1"
"2089646367",111.718395,-24.9173533333,194.6,7.7,"2020-11-09 02:30:22","2020TankerNov1"
"2089646367",111.680581667,-25.06896,193.3,7.7,"2020-11-09 03:42:12","2020TankerNov1"
"2089646367",111.6547775,-25.16762916665,194.05,8.65,"2020-11-09 04:31:21","2020TankerNov1"
"2089646367",111.628973333,-25.2662983333,194.8,9.6,"2020-11-09 05:19:21","2020TankerNov1"
"2089646367",111.658098333,-25.4643633333,160.7,10,"2020-11-09 06:27:01","2020TankerNov1"
"2089646367",111.722195,-25.6526516667,165.7,7.1,"2020-11-09 07:51:41","2020TankerNov1"
"2089646367",111.753755,-25.7847016667,166.6,8.7,"2020-11-09 09:01:11","2020TankerNov1"
"2089646367",111.804998333,-25.9396066667,160.9,9.2,"2020-11-09 10:05:42","2020TankerNov1"
"2089646367",111.871226667,-26.124125,164.6,9,"2020-11-09 11:21:32","2020TankerNov1"
"2089646367",111.918716667,-26.2648316667,163.5,8.4,"2020-11-09 12:24:21","2020TankerNov1"
"2089646367",111.97855,-26.4433183333,168.3,7.7,"2020-11-09 13:46:40","2020TankerNov1"
"2089646367",112.029816667,-26.5998966667,163.4,8.1,"2020-11-09 14:59:20","2020TankerNov1"
"2089646367",112.07382,-26.7388516667,163,8.6,"2020-11-09 16:00:31","2020TankerNov1"
"2089646367",112.123406667,-26.890385,166.9,9.3,"2020-11-09 17:05:42","2020TankerNov1"
"2089646367",112.189053333,-27.0836016667,165.7,9.1,"2020-11-09 18:25:21","2020TankerNov1"
"2089646367",112.244356667,-27.2503716667,164.8,8.9,"2020-11-09 19:34:11","2020TankerNov1"
"2089646367",112.298486667,-27.4083416667,166,9,"2020-11-09 20:40:03","2020TankerNov1"
"2089646367",112.361373333,-27.59615,164.6,9.6,"2020-11-09 21:56:43","2020TankerNov1"
"2089646367",112.412638333,-27.7729716667,172.2,9.4,"2020-11-09 23:06:29","2020TankerNov1"
"2089646367",112.452761667,-27.9304466667,163.3,9.1,"2020-11-10 00:09:22","2020TankerNov1"
"2089646367",112.522565,-28.1240633333,157.3,9,"2020-11-10 01:30:11","2020TankerNov1"
"2089646367",112.58051,-28.28914,158.4,8.7,"2020-11-10 02:40:31","2020TankerNov1"
"2089646367",112.646268333,-28.43466,163,9.1,"2020-11-10 03:42:19","2020TankerNov1"
"2089646367",112.708886667,-28.625085,164.3,8.6,"2020-11-10 05:01:11","2020TankerNov1"
"2089646367",112.764946667,-28.7766883333,161.8,9.2,"2020-11-10 06:04:21","2020TankerNov1"
"2089646367",112.82668,-28.9690616667,167.5,7.9,"2020-11-10 07:27:21","2020TankerNov1"
"2089646367",112.87353,-29.1227866667,158.8,7.8,"2020-11-10 08:38:31","2020TankerNov1"
"2089646367",112.926481667,-29.2656233333,163.4,8,"2020-11-10 09:47:31","2020TankerNov1"
"2089646367",112.973283333,-29.4071383333,162.5,7.8,"2020-11-10 10:53:52","2020TankerNov1"
"2089646367",113.025378333,-29.5682716667,164.6,8.9,"2020-11-10 12:05:02","2020TankerNov1"
"2089646367",113.092061667,-29.7619633333,161.4,9.1,"2020-11-10 13:25:12","2020TankerNov1"
"2089646367",113.141185,-29.91078,165.2,8.9,"2020-11-10 14:26:12","2020TankerNov1"
"2089646367",113.230353333,-30.07138,132.8,9.3,"2020-11-10 15:40:31","2020TankerNov1"
"2089646367",113.375936667,-30.2005016667,134.8,8.7,"2020-11-10 16:53:01","2020TankerNov1"
"2089646367",113.496278333,-30.3095633333,140.9,8.6,"2020-11-10 17:55:21","2020TankerNov1"
"2089646367",113.648571667,-30.4437916667,134.9,8.8,"2020-11-10 19:14:30","2020TankerNov1"
"2089646367",113.776931667,-30.5590616667,138.2,8,"2020-11-10 20:22:02","2020TankerNov1"
"2089646367",113.914385,-30.68137,137.2,9.2,"2020-11-10 21:31:32","2020TankerNov1"
"2089646367",114.068861667,-30.816595,134.9,10,"2020-11-10 22:42:31","2020TankerNov1"
"2089646367",114.200451667,-30.9406633333,138.2,9.9,"2020-11-10 23:42:41","2020TankerNov1"
"2089646367",114.336991667,-31.06431,132.4,9.6,"2020-11-11 00:45:12","2020TankerNov1"
"2089646367",114.467915,-31.1774883333,134.5,9.2,"2020-11-11 01:45:42","2020TankerNov1"
"2089646367",114.606611667,-31.29487,139.1,9.6,"2020-11-11 02:49:50","2020TankerNov1"
"2089646367",114.730763333,-31.4050783333,134.7,9.3,"2020-11-11 03:49:51","2020TankerNov1"
"2089646367",114.863503333,-31.5197983333,137.2,10.1,"2020-11-11 04:49:51","2020TankerNov1"
"2089646367",115.027301667,-31.6649916667,133.7,13.2,"2020-11-11 05:49:51","2020TankerNov1"
"2089646367",115.215203333,-31.7828083333,113.9,11.4,"2020-11-11 06:52:30","2020TankerNov1"
"2089646367",115.416658333,-31.85691,109.4,10.2,"2020-11-11 07:54:52","2020TankerNov1"
"2089646367",115.584886667,-31.8828266667,25.3,3.5,"2020-11-11 08:54:52","2020TankerNov1"
"2089646367",115.65093,-31.8861933333,132.1,1.8,"2020-11-11 09:59:51","2020TankerNov1"
"2089646367",115.653115,-31.8864433333,238.9,0.1,"2020-11-11 10:59:52","2020TankerNov1"
"2089646367",115.653186667,-31.8864116667,293.75,0.1,"2020-11-11 11:59:52","2020TankerNov1"
"2089646367",115.653086667,-31.8864316667,348.6,0.1,"2020-11-11 12:59:52","2020TankerNov1"
"2089646367",115.653206667,-31.8864983333,216.3,0.2,"2020-11-11 13:59:52","2020TankerNov1"
"2089646367",115.653133333,-31.8864216667,275.7,0.2,"2020-11-11 15:04:42","2020TankerNov1"
"2089646367",115.653265,-31.8865866667,231.2,0.2,"2020-11-11 16:04:51","2020TankerNov1"
"END",NA,NA,NA,NA,NA,"NA"
"1960654061",105.036226667,-24.6667583333,141,11,"2020-11-15 06:10:59","2020TankerNov2"
"1960654061",105.1942,-24.8291716667,138.8,11.4,"2020-11-15 07:20:59","2020TankerNov2"
"1960654061",105.353726667,-24.994085,137.1,11.3,"2020-11-15 08:31:09","2020TankerNov2"
"1960654061",105.494713333,-25.13775,138.6,11.2,"2020-11-15 09:32:40","2020TankerNov2"
"1960654061",105.661548333,-25.3079083333,137.5,11.3,"2020-11-15 10:43:50","2020TankerNov2"
"1960654061",105.853065,-25.5015766667,138,10.9,"2020-11-15 12:09:08","2020TankerNov2"
"1960654061",106.006135,-25.656495,139.7,11,"2020-11-15 13:16:40","2020TankerNov2"
"1960654061",106.157676667,-25.8133466667,138,11.1,"2020-11-15 14:23:59","2020TankerNov2"
"1960654061",106.30828,-25.963535,138,10.6,"2020-11-15 15:30:08","2020TankerNov2"
"1960654061",106.46416,-26.1157016667,136.4,10.6,"2020-11-15 16:38:39","2020TankerNov2"
"1960654061",106.625553333,-26.286335,136.6,11.1,"2020-11-15 17:52:58","2020TankerNov2"
"1960654061",106.78985,-26.448135,137.8,11.2,"2020-11-15 19:03:30","2020TankerNov2"
"1960654061",106.955451667,-26.6145333333,137.1,11.6,"2020-11-15 20:13:50","2020TankerNov2"
"1960654061",107.140115,-26.8014766667,138,11.8,"2020-11-15 21:31:20","2020TankerNov2"
"1960654061",107.291365,-26.9528383333,138.2,11.7,"2020-11-15 22:33:59","2020TankerNov2"
"1960654061",107.443111667,-27.1031833333,138,12.3,"2020-11-15 23:34:10","2020TankerNov2"
"1960654061",107.601003333,-27.2648316667,138.1,12.3,"2020-11-16 00:37:00","2020TankerNov2"
"1960654061",107.763933333,-27.4232966667,136.7,12.8,"2020-11-16 01:38:00","2020TankerNov2"
"1960654061",107.974671667,-27.6374066667,137.1,13.6,"2020-11-16 02:56:20","2020TankerNov2"
"1960654061",108.151416667,-27.8111383333,137,13.1,"2020-11-16 03:59:31","2020TankerNov2"
"1960654061",108.343368333,-27.9945766667,138.5,12.9,"2020-11-16 05:07:38","2020TankerNov2"
"1960654061",108.518483333,-28.1701616667,136.3,12.5,"2020-11-16 06:14:18","2020TankerNov2"
"1960654061",108.698198333,-28.3572216667,135.3,11.8,"2020-11-16 07:27:20","2020TankerNov2"
"1960654061",108.852256667,-28.5034683333,138,11.5,"2020-11-16 08:28:49","2020TankerNov2"
"1960654061",109.030091667,-28.6802816667,137.3,10.6,"2020-11-16 09:44:08","2020TankerNov2"
"1960654061",109.230055,-28.8796083333,137.4,11.6,"2020-11-16 11:09:50","2020TankerNov2"
"1960654061",109.379996667,-29.0249916667,138.4,11.5,"2020-11-16 12:11:00","2020TankerNov2"
"1960654061",109.555266667,-29.2004183333,138,12.1,"2020-11-16 13:22:29","2020TankerNov2"
"1960654061",109.753801667,-29.3924416667,137.3,12.5,"2020-11-16 14:36:59","2020TankerNov2"
"1960654061",109.945845,-29.5782366667,140.7,12.3,"2020-11-16 15:49:19","2020TankerNov2"
"1960654061",110.107595,-29.7349716667,137.4,12.7,"2020-11-16 16:49:59","2020TankerNov2"
"1960654061",110.319276667,-29.9424716667,139.4,12.7,"2020-11-16 18:08:59","2020TankerNov2"
"1960654061",110.501493333,-30.1212183333,138.5,13.3,"2020-11-16 19:14:48","2020TankerNov2"
"1960654061",110.641635833,-30.2570658333,137.35,13.5,"2020-11-16 20:03:58","2020TankerNov2"
"1960654061",110.781778333,-30.3929133333,136.2,13.7,"2020-11-16 20:51:58","2020TankerNov2"
"1960654061",110.990273333,-30.5938183333,137.7,13.9,"2020-11-16 22:02:32","2020TankerNov2"
"1960654061",111.175963333,-30.7733683333,139.5,13.7,"2020-11-16 23:05:23","2020TankerNov2"
"1960654061",111.371586667,-30.95899,138.9,13.7,"2020-11-17 00:11:22","2020TankerNov2"
"1960654061",111.566783333,-31.1488733333,138,13.7,"2020-11-17 01:16:53","2020TankerNov2"
"1960654061",111.752096667,-31.326775,138.3,13.2,"2020-11-17 02:20:34","2020TankerNov2"
"1960654061",111.930536667,-31.49952,136.4,13.4,"2020-11-17 03:22:54","2020TankerNov2"
"1960654061",112.158863333,-31.7220416667,139.3,12.4,"2020-11-17 04:46:05","2020TankerNov2"
"1960654061",112.353708333,-31.905995,138.6,12.5,"2020-11-17 05:57:23","2020TankerNov2"
"1960654061",112.547251667,-32.0874433333,135.4,11.9,"2020-11-17 07:09:45","2020TankerNov2"
"1960654061",112.749605,-32.2757483333,145.3,11.7,"2020-11-17 08:26:55","2020TankerNov2"
"1960654061",112.8640508335,-32.3868475,141.25,11.5,"2020-11-17 09:13:04","2020TankerNov2"
"1960654061",112.978496667,-32.4979466667,137.2,11.3,"2020-11-17 09:59:04","2020TankerNov2"
"1960654061",113.15356,-32.663125,138.7,11.4,"2020-11-17 11:09:23","2020TankerNov2"
"1960654061",113.350371667,-32.8495666667,137.2,11.9,"2020-11-17 12:25:35","2020TankerNov2"
"1960654061",113.52425,-33.01356,138,12.6,"2020-11-17 13:29:33","2020TankerNov2"
"1960654061",113.709776667,-33.186995,139.9,11.8,"2020-11-17 14:38:04","2020TankerNov2"
"1960654061",113.910828333,-33.3782833333,137.6,12.1,"2020-11-17 15:53:54","2020TankerNov2"
"1960654061",114.11324,-33.5684516667,139,12.1,"2020-11-17 17:09:45","2020TankerNov2"
"1960654061",114.27698,-33.71875,136.9,12.1,"2020-11-17 18:09:53","2020TankerNov2"
"1960654061",114.450391667,-33.880825,142.6,12.2,"2020-11-17 19:14:52","2020TankerNov2"
"1960654061",114.583165,-34.037585,161.6,10.7,"2020-11-17 20:14:53","2020TankerNov2"
"1960654061",114.647978333,-34.22175,164,11.6,"2020-11-17 21:14:54","2020TankerNov2"
"1960654061",114.722691667,-34.4321816667,165.2,11.8,"2020-11-17 22:19:52","2020TankerNov2"
"1960654061",114.869605,-34.58197,128.1,11.7,"2020-11-17 23:19:53","2020TankerNov2"
"1960654061",115.066815,-34.6980316667,124.3,11.8,"2020-11-18 00:19:53","2020TankerNov2"
"1960654061",115.265198333,-34.81456,125.3,12.1,"2020-11-18 01:19:54","2020TankerNov2"
"1960654061",115.481531667,-34.9432266667,125.7,12,"2020-11-18 02:24:54","2020TankerNov2"
"1960654061",115.699953333,-35.0731416667,126.7,12.2,"2020-11-18 03:29:52","2020TankerNov2"
"END",NA,NA,NA,NA,NA,"NA"
"1868018737",115.864456667,-18.5847633333,219.9,12.5,"2020-11-18 01:19:58","2020TankerNov3"
"1868018737",115.716463333,-18.77017,215.7,13.1,"2020-11-18 02:24:58","2020TankerNov3"
"1868018737",115.566115,-18.9296516667,221.4,12.6,"2020-11-18 03:24:59","2020TankerNov3"
"1868018737",115.42196,-19.1174233333,216.6,12.9,"2020-11-18 04:29:58","2020TankerNov3"
"1868018737",115.283791667,-19.2958066667,215.7,13.2,"2020-11-18 05:29:58","2020TankerNov3"
"1868018737",115.13468,-19.462275,221.1,12.8,"2020-11-18 06:29:58","2020TankerNov3"
"1868018737",114.997468333,-19.6332466667,216.8,12.7,"2020-11-18 07:29:58","2020TankerNov3"
"1868018737",114.843811667,-19.8126833333,219.6,12.6,"2020-11-18 08:34:58","2020TankerNov3"
"1868018737",114.688908333,-19.9900916667,220.9,12,"2020-11-18 09:39:59","2020TankerNov3"
"1868018737",114.551243333,-20.14164,216.6,12.1,"2020-11-18 10:39:59","2020TankerNov3"
"1868018737",114.405293333,-20.3137283333,219,12.3,"2020-11-18 11:44:58","2020TankerNov3"
"1868018737",114.26571,-20.4773483333,217.5,12.7,"2020-11-18 12:44:58","2020TankerNov3"
"1868018737",114.121286667,-20.64385,220,12.7,"2020-11-18 13:44:58","2020TankerNov3"
"1868018737",113.978381667,-20.8106416667,219.4,12.6,"2020-11-18 14:44:58","2020TankerNov3"
"1868018737",113.822838333,-20.9886533333,219.2,12.7,"2020-11-18 15:49:58","2020TankerNov3"
"1868018737",113.681683333,-21.1516283333,218.5,12.4,"2020-11-18 16:49:59","2020TankerNov3"
"1868018737",113.536056667,-21.3306633333,218.1,12.5,"2020-11-18 17:54:58","2020TankerNov3"
"1868018737",113.431645,-21.5171783333,198,12.9,"2020-11-18 18:54:59","2020TankerNov3"
"1868018737",113.357791667,-21.7382633333,197.1,13,"2020-11-18 19:59:59","2020TankerNov3"
"1868018737",113.289716667,-21.9460783333,198.9,13.1,"2020-11-18 20:59:59","2020TankerNov3"
"1868018737",113.213808333,-22.17029,197.3,13,"2020-11-18 22:04:58","2020TankerNov3"
"1868018737",113.139548333,-22.390545,195.8,12.6,"2020-11-18 23:09:58","2020TankerNov3"
"1868018737",113.083305,-22.60864,190.8,12.3,"2020-11-19 00:14:57","2020TankerNov3"
"1868018737",113.042383333,-22.8127133333,191,12.3,"2020-11-19 01:14:59","2020TankerNov3"
"1868018737",112.997428333,-23.0321633333,192.2,12.4,"2020-11-19 02:19:58","2020TankerNov3"
"1868018737",112.945436667,-23.2506416667,193.8,12.2,"2020-11-19 03:24:58","2020TankerNov3"
"1868018737",112.891158333,-23.4478616667,194.6,12.2,"2020-11-19 04:24:58","2020TankerNov3"
"1868018737",112.841411667,-23.667825,190.4,12.4,"2020-11-19 05:29:58","2020TankerNov3"
"1868018737",112.7982,-23.87121,191.1,12.5,"2020-11-19 06:29:58","2020TankerNov3"
"1868018737",112.751403333,-24.0759666667,190.7,12.5,"2020-11-19 07:29:58","2020TankerNov3"
"1868018737",112.704611667,-24.3024683333,191.5,12.4,"2020-11-19 08:34:58","2020TankerNov3"
"1868018737",112.655365,-24.5141216667,193.5,11.5,"2020-11-19 09:39:59","2020TankerNov3"
"1868018737",112.609748333,-24.71531,190.8,11.2,"2020-11-19 10:44:19","2020TankerNov3"
"1868018737",112.571248333,-24.91784,191.6,11.4,"2020-11-19 11:49:48","2020TankerNov3"
"1868018737",112.525681667,-25.1012033333,190.7,10.4,"2020-11-19 12:49:58","2020TankerNov3"
"1868018737",112.481045,-25.29428,189.4,10.9,"2020-11-19 13:54:58","2020TankerNov3"
"1868018737",112.434388333,-25.4838,188.4,10.4,"2020-11-19 14:59:58","2020TankerNov3"
"1868018737",112.436825,-25.6736683333,168.7,10.7,"2020-11-19 16:04:57","2020TankerNov3"
"1868018737",112.475023333,-25.8698983333,165.6,11.3,"2020-11-19 17:09:57","2020TankerNov3"
"1868018737",112.529663333,-26.0557833333,166.1,11.5,"2020-11-19 18:09:58","2020TankerNov3"
"1868018737",112.580105,-26.2514866667,167,12,"2020-11-19 19:09:59","2020TankerNov3"
"1868018737",112.636626667,-26.467135,166.2,12.2,"2020-11-19 20:14:57","2020TankerNov3"
"1868018737",112.685861667,-26.6832233333,168.5,11.9,"2020-11-19 21:19:28","2020TankerNov3"
"1868018737",112.736551667,-26.8843533333,167,12.3,"2020-11-19 22:19:37","2020TankerNov3"
"1868018737",112.790033333,-27.0956916667,167.7,12.6,"2020-11-19 23:21:50","2020TankerNov3"
"1868018737",112.841666667,-27.3066666667,168,12,"2020-11-20 00:23:59","2020TankerNov3"
"1868018737",112.894026667,-27.5162066667,166.9,12.4,"2020-11-20 01:25:19","2020TankerNov3"
"1868018737",112.960458333,-27.766815,168.3,13.2,"2020-11-20 02:37:19","2020TankerNov3"
"1868018737",113.02775,-28.059565,167.7,13.1,"2020-11-20 03:59:08","2020TankerNov3"
"1868018737",113.113258333,-28.359645,165.7,13.4,"2020-11-20 05:23:19","2020TankerNov3"
"1868018737",113.168508333,-28.588785,167.9,12.9,"2020-11-20 06:25:48","2020TankerNov3"
"1868018737",113.229001667,-28.8084566667,166.4,12.7,"2020-11-20 07:31:29","2020TankerNov3"
"1868018737",113.299566667,-29.0956316667,166.4,13.1,"2020-11-20 08:51:49","2020TankerNov3"
"1868018737",113.357325,-29.3430983333,166.5,13.1,"2020-11-20 10:01:39","2020TankerNov3"
"1868018737",113.435423333,-29.6339383333,167.6,12.7,"2020-11-20 11:24:49","2020TankerNov3"
"1868018737",113.493708333,-29.8776483333,168.3,13,"2020-11-20 12:34:38","2020TankerNov3"
"1868018737",113.552781667,-30.1130516667,164.2,14.2,"2020-11-20 13:38:02","2020TankerNov3"
"1868018737",113.63219,-30.37651,166.3,14,"2020-11-20 14:47:04","2020TankerNov3"
"1868018737",113.710278333,-30.6488166667,164.3,13.7,"2020-11-20 15:58:50","2020TankerNov3"
"1868018737",113.759186667,-30.8734316667,171.9,12.5,"2020-11-20 17:01:49","2020TankerNov3"
"1868018737",113.824353333,-31.1427116667,166.9,13.2,"2020-11-20 18:18:40","2020TankerNov3"
"1868018737",113.880568333,-31.3610883333,167.9,13.3,"2020-11-20 19:19:00","2020TankerNov3"
"1868018737",113.957075,-31.65217,166.7,12.6,"2020-11-20 20:39:29","2020TankerNov3"
"1868018737",114.015033333,-31.898155,168.1,13.4,"2020-11-20 21:49:20","2020TankerNov3"
"1868018737",114.084488333,-32.1167116667,167,12.8,"2020-11-20 22:51:29","2020TankerNov3"
"1868018737",114.148115,-32.331855,167.4,12.8,"2020-11-20 23:53:40","2020TankerNov3"
"1868018737",114.210785,-32.566405,168.9,12.5,"2020-11-21 01:01:52","2020TankerNov3"
"1868018737",114.265125,-32.8246716667,167.8,13.8,"2020-11-21 02:12:49","2020TankerNov3"
"1868018737",114.330178333,-33.0580283333,169.2,13.3,"2020-11-21 03:14:56","2020TankerNov3"
"1868018737",114.38636,-33.2695966667,166,12.5,"2020-11-21 04:14:56","2020TankerNov3"
"1868018737",114.45366,-33.48719,168.3,12.3,"2020-11-21 05:19:55","2020TankerNov3"
"1868018737",114.50004,-33.6898116667,171,11.7,"2020-11-21 06:19:55","2020TankerNov3"
"1868018737",114.548461667,-33.8815316667,163.4,11.6,"2020-11-21 07:19:55","2020TankerNov3"
"1868018737",114.613673333,-34.0794283333,165.8,12.4,"2020-11-21 08:19:55","2020TankerNov3"
"1868018737",114.676131667,-34.289695,165.9,12.9,"2020-11-21 09:19:55","2020TankerNov3"
"1868018737",114.746791667,-34.50096,164.4,13.1,"2020-11-21 10:19:59","2020TankerNov3"
"1868018737",114.979738333,-34.63955,123.2,13.1,"2020-11-21 11:24:57","2020TankerNov3"
"1868018737",115.215318333,-34.7758583333,125.4,13.1,"2020-11-21 12:29:55","2020TankerNov3"
"1868018737",115.430726667,-34.9051866667,128.1,13,"2020-11-21 13:29:56","2020TankerNov3"
"1868018737",115.654335,-35.0443366667,125.4,12.5,"2020-11-21 14:34:55","2020TankerNov3"
"END",NA,NA,NA,NA,NA,"NA"
"1640548012",115.942128333,-35.142835,307.1,11.3,"2020-11-14 09:09:58","2020TankerNov4"
"1640548012",115.739675,-35.0270016667,301.2,11.4,"2020-11-14 10:14:57","2020TankerNov4"
"1640548012",115.549975,-34.9211516667,306.7,11.7,"2020-11-14 11:14:58","2020TankerNov4"
"1640548012",115.345021667,-34.794925,305.6,11.9,"2020-11-14 12:19:57","2020TankerNov4"
"1640548012",115.149758333,-34.6845416667,301.7,11.4,"2020-11-14 13:19:59","2020TankerNov4"
"1640548012",114.943828333,-34.5676333333,304.2,11.2,"2020-11-14 14:24:57","2020TankerNov4"
"1640548012",114.786368333,-34.43642,344.4,12.4,"2020-11-14 15:24:57","2020TankerNov4"
"1640548012",114.709426667,-34.218345,343.3,13,"2020-11-14 16:29:58","2020TankerNov4"
"1640548012",114.660703333,-33.984535,347.4,13.3,"2020-11-14 17:34:58","2020TankerNov4"
"1640548012",114.596948333,-33.7542283333,345.6,13.1,"2020-11-14 18:39:58","2020TankerNov4"
"1640548012",114.537745,-33.54724,347.7,12.8,"2020-11-14 19:39:58","2020TankerNov4"
"1640548012",114.472323333,-33.331535,349.1,11.8,"2020-11-14 20:44:57","2020TankerNov4"
"1640548012",114.419351667,-33.1367316667,347.2,11.8,"2020-11-14 21:44:57","2020TankerNov4"
"1640548012",114.380391667,-32.93518,351.3,12,"2020-11-14 22:49:38","2020TankerNov4"
"1640548012",114.326628333,-32.7236233333,349.8,13,"2020-11-14 23:53:19","2020TankerNov4"
"1640548012",114.264585,-32.4972883333,350.1,12.8,"2020-11-15 00:59:00","2020TankerNov4"
"1640548012",114.21095,-32.28215,340.9,12.6,"2020-11-15 01:59:48","2020TankerNov4"
"1640548012",114.124491667,-32.0656666667,343.1,11.8,"2020-11-15 03:08:28","2020TankerNov4"
"1640548012",114.051718333,-31.85465,344.8,11,"2020-11-15 04:16:49","2020TankerNov4"
"1640548012",113.99951,-31.6491166667,347.3,12.3,"2020-11-15 05:20:38","2020TankerNov4"
"1640548012",113.917945,-31.3715216667,347.7,13.1,"2020-11-15 06:41:09","2020TankerNov4"
"1640548012",113.851471667,-31.1154033333,344.7,12.6,"2020-11-15 07:53:59","2020TankerNov4"
"1640548012",113.8021533335,-30.9358458333,345.8,12.65,"2020-11-15 08:45:58","2020TankerNov4"
"1640548012",113.752835,-30.7562883333,346.9,12.7,"2020-11-15 09:35:58","2020TankerNov4"
"1640548012",113.692481667,-30.5204183333,351.4,12.3,"2020-11-15 10:44:58","2020TankerNov4"
"1640548012",113.633583333,-30.3034366667,344.9,11.2,"2020-11-15 11:54:07","2020TankerNov4"
"1640548012",113.565765,-30.090305,347,11.2,"2020-11-15 13:03:48","2020TankerNov4"
"1640548012",113.50578,-29.9076233333,342.1,11.9,"2020-11-15 14:03:57","2020TankerNov4"
"1640548012",113.4597058335,-29.745775,345.5,12.65,"2020-11-15 14:50:37","2020TankerNov4"
"1640548012",113.413631667,-29.5839266667,348.9,13.4,"2020-11-15 15:35:37","2020TankerNov4"
"1640548012",113.357068333,-29.33176,346.6,13.6,"2020-11-15 16:44:08","2020TankerNov4"
"1640548012",113.290106667,-29.081235,344.6,13.3,"2020-11-15 17:52:48","2020TankerNov4"
"1640548012",113.220963333,-28.836845,345.2,13.3,"2020-11-15 19:01:09","2020TankerNov4"
"1640548012",113.152413333,-28.580555,348.8,12.7,"2020-11-15 20:12:48","2020TankerNov4"
"1640548012",113.082183333,-28.3050816667,345.3,13.2,"2020-11-15 21:30:57","2020TankerNov4"
"1640548012",113.016826667,-28.0667116667,349.6,12.4,"2020-11-15 22:40:18","2020TankerNov4"
"1640548012",112.965341667,-27.8267583333,348.2,12,"2020-11-15 23:52:08","2020TankerNov4"
"1640548012",112.918458333,-27.6071266667,350.2,11.4,"2020-11-16 01:00:07","2020TankerNov4"
"1640548012",112.859591667,-27.4007233333,343.4,11.3,"2020-11-16 02:06:47","2020TankerNov4"
"1640548012",112.79351,-27.14443,347.8,11.4,"2020-11-16 03:29:19","2020TankerNov4"
"1640548012",112.743768333,-26.9176083333,347.5,11.6,"2020-11-16 04:40:39","2020TankerNov4"
"1640548012",112.692706667,-26.68365,354.7,12.5,"2020-11-16 05:52:38","2020TankerNov4"
"1640548012",112.64203,-26.4760116667,347.2,12.5,"2020-11-16 06:54:57","2020TankerNov4"
"1640548012",112.592181667,-26.2702116667,350.4,12.6,"2020-11-16 07:54:57","2020TankerNov4"
"1640548012",112.5438,-26.0603133333,346.2,13.1,"2020-11-16 08:54:57","2020TankerNov4"
"1640548012",112.488043333,-25.8440483333,346.3,13.6,"2020-11-16 09:54:57","2020TankerNov4"
"1640548012",112.434351667,-25.59919,353,13.9,"2020-11-16 10:59:53","2020TankerNov4"
"1640548012",112.473678333,-25.3475433333,12,14.1,"2020-11-16 12:04:54","2020TankerNov4"
"1640548012",112.534261667,-25.119565,14.7,14,"2020-11-16 13:04:54","2020TankerNov4"
"1640548012",112.601521667,-24.8749366667,14.6,13.9,"2020-11-16 14:08:58","2020TankerNov4"
"1640548012",112.669716667,-24.6486983333,14.9,13.4,"2020-11-16 15:09:53","2020TankerNov4"
"1640548012",112.733568333,-24.4148983333,14.5,13.2,"2020-11-16 16:14:31","2020TankerNov4"
"1640548012",112.79756,-24.2012666667,11.9,13.2,"2020-11-16 17:14:52","2020TankerNov4"
"1640548012",112.861731667,-23.96833,13.1,13.3,"2020-11-16 18:19:52","2020TankerNov4"
"1640548012",112.923205,-23.7510333333,14.3,13.4,"2020-11-16 19:19:52","2020TankerNov4"
"1640548012",112.983533333,-23.533585,13,13.7,"2020-11-16 20:19:52","2020TankerNov4"
"1640548012",113.042108333,-23.3104466667,13.8,13.3,"2020-11-16 21:19:56","2020TankerNov4"
"1640548012",113.111311667,-23.0695316667,14.2,13.8,"2020-11-16 22:24:54","2020TankerNov4"
"1640548012",113.172191667,-22.844465,13.8,13.8,"2020-11-16 23:24:58","2020TankerNov4"
"1640548012",113.239576667,-22.599055,7.2,13.8,"2020-11-17 00:29:57","2020TankerNov4"
"1640548012",113.275783333,-22.37246,7.2,13.6,"2020-11-17 01:29:57","2020TankerNov4"
"1640548012",113.308631667,-22.1466366667,6.4,13.3,"2020-11-17 02:29:57","2020TankerNov4"
"1640548012",113.342476667,-21.9228583333,8.4,13.8,"2020-11-17 03:29:59","2020TankerNov4"
"1640548012",113.393645,-21.6957766667,11.6,13.9,"2020-11-17 04:29:59","2020TankerNov4"
"1640548012",113.445658333,-21.4719633333,13.6,13.4,"2020-11-17 05:30:00","2020TankerNov4"
"1640548012",113.64325,-21.3753966667,72,13.2,"2020-11-17 06:30:00","2020TankerNov4"
"1640548012",113.871443333,-21.3128566667,74.8,13.3,"2020-11-17 07:30:00","2020TankerNov4"
"1640548012",114.098216667,-21.25398,74.5,13.3,"2020-11-17 08:30:00","2020TankerNov4"
"1640548012",114.350441667,-21.1845616667,72.6,13.7,"2020-11-17 09:34:51","2020TankerNov4"
"1640548012",114.60496,-21.112165,76.9,13.4,"2020-11-17 10:39:51","2020TankerNov4"
"1640548012",114.849145,-21.1187216667,96,14,"2020-11-17 11:39:57","2020TankerNov4"
"1640548012",115.11672,-21.1468783333,96.2,14.5,"2020-11-17 12:44:54","2020TankerNov4"
"1640548012",115.250346667,-21.3045033333,178.3,10.7,"2020-11-17 13:44:54","2020TankerNov4"
"1640548012",115.134375,-21.4150933333,228.7,7.8,"2020-11-17 14:44:55","2020TankerNov4"
"1640548012",115.051221667,-21.5110966667,194.7,8.6,"2020-11-17 15:49:55","2020TankerNov4"
"END",NA,NA,NA,NA,NA,"NA"
"1640548012",115.018256667,-21.6373533333,14.3,7.6,"2020-11-18 21:59:58","2020TankerNov5"
"1640548012",115.051088333,-21.51243,12.4,7.6,"2020-11-18 23:00:00","2020TankerNov5"
"1640548012",115.17223,-21.3859316667,37.8,10.8,"2020-11-19 00:04:59","2020TankerNov5"
"1640548012",115.225806667,-21.2394116667,343.6,11,"2020-11-19 01:04:59","2020TankerNov5"
"1640548012",115.148041667,-21.0738866667,329.5,11.1,"2020-11-19 02:04:59","2020TankerNov5"
"1640548012",115.099481667,-20.8665233333,352.6,11.9,"2020-11-19 03:09:58","2020TankerNov5"
"1640548012",115.071008333,-20.667795,349.1,12.1,"2020-11-19 04:09:59","2020TankerNov5"
"1640548012",115.033156667,-20.4520783333,0.7,12,"2020-11-19 05:14:59","2020TankerNov5"
"1640548012",115.04132,-20.2495716667,3.2,11.7,"2020-11-19 06:14:59","2020TankerNov5"
"1640548012",115.054931667,-20.0352366667,2.5,12.2,"2020-11-19 07:19:59","2020TankerNov5"
"1640548012",115.067193333,-19.830705,5.3,11.6,"2020-11-19 08:20:00","2020TankerNov5"
"1640548012",115.079653333,-19.61059,2.9,12.4,"2020-11-19 09:24:58","2020TankerNov5"
"1640548012",115.09002,-19.402215,3,12.4,"2020-11-19 10:24:58","2020TankerNov5"
"1640548012",115.098948333,-19.1906183333,2.5,12.8,"2020-11-19 11:24:59","2020TankerNov5"
"1640548012",115.115538333,-18.95998,4.2,12.5,"2020-11-19 12:29:59","2020TankerNov5"
"1640548012",115.13392,-18.75293,4,12.3,"2020-11-19 13:29:59","2020TankerNov5"
"1640548012",115.14955,-18.5266083333,2.3,12.7,"2020-11-19 14:34:58","2020TankerNov5"
"1640548012",115.156653333,-18.312125,0.6,12.9,"2020-11-19 15:34:59","2020TankerNov5"
"1640548012",115.16795,-18.08244,5.1,12.5,"2020-11-19 16:39:58","2020TankerNov5"
"1640548012",115.184898333,-17.87405,2.8,12.5,"2020-11-19 17:39:59","2020TankerNov5"
"1640548012",115.199158333,-17.6479966667,4.6,12.5,"2020-11-19 18:45:00","2020TankerNov5"
"1640548012",115.21321,-17.4258566667,3.2,11.9,"2020-11-19 19:49:49","2020TankerNov5"
"1640548012",115.221751667,-17.2335583333,2.1,11.3,"2020-11-19 20:49:58","2020TankerNov5"
"1640548012",115.231033333,-17.0396016667,5,11.4,"2020-11-19 21:49:58","2020TankerNov5"
"1640548012",115.250011667,-16.8416716667,6.5,12.3,"2020-11-19 22:49:58","2020TankerNov5"
"1640548012",115.26141,-16.6355733333,2.8,12.5,"2020-11-19 23:49:59","2020TankerNov5"
"1640548012",115.270573333,-16.4281016667,3.4,12.5,"2020-11-20 00:49:59","2020TankerNov5"
"1640548012",115.282255,-16.194875,2.3,12.9,"2020-11-20 01:54:59","2020TankerNov5"
"1640548012",115.297241667,-15.9637666667,4.4,12.6,"2020-11-20 02:59:59","2020TankerNov5"
"1640548012",115.313953333,-15.752825,4.7,12.6,"2020-11-20 03:59:59","2020TankerNov5"
"1640548012",115.325966667,-15.54857,2,12.4,"2020-11-20 04:59:59","2020TankerNov5"
"1640548012",115.341065,-15.3292683333,7.8,12,"2020-11-20 06:04:58","2020TankerNov5"
"END",NA,NA,NA,NA,NA,"NA"
"1579026379",105.04465,-22.5937666667,135,10.3,"2020-11-27 06:29:57","2020TankerNov6"
"1579026379",105.168133333,-22.7168333333,134,9.6,"2020-11-27 07:29:58","2020TankerNov6"
"1579026379",105.306016667,-22.84285,134,9.9,"2020-11-27 08:34:58","2020TankerNov6"
"1579026379",105.4443,-22.9642333333,130,9.8,"2020-11-27 09:39:16","2020TankerNov6"
"1579026379",105.6213,-23.12435,135,9.7,"2020-11-27 11:02:58","2020TankerNov6"
"1579026379",105.744166667,-23.23975,133,9.2,"2020-11-27 12:03:48","2020TankerNov6"
"1579026379",105.882016667,-23.3644666667,136,9.5,"2020-11-27 13:10:57","2020TankerNov6"
"1579026379",106.0502,-23.5200666667,135,9.6,"2020-11-27 14:33:08","2020TankerNov6"
"1579026379",106.176933333,-23.6390833333,135,10.1,"2020-11-27 15:34:26","2020TankerNov6"
"1579026379",106.3257,-23.7710333333,133,10,"2020-11-27 16:42:18","2020TankerNov6"
"1579026379",106.491333333,-23.9213666667,135,9.8,"2020-11-27 18:00:48","2020TankerNov6"
"1579026379",106.6231,-24.0434166667,134,9.8,"2020-11-27 19:04:08","2020TankerNov6"
"1579026379",106.757666667,-24.1665333333,137,9.8,"2020-11-27 20:07:07","2020TankerNov6"
"1579026379",106.886733333,-24.2834333333,135,9.9,"2020-11-27 21:07:29","2020TankerNov6"
"1579026379",107.024383333,-24.4020666667,134,10.1,"2020-11-27 22:10:07","2020TankerNov6"
"1579026379",107.167316667,-24.5387666667,139,9.8,"2020-11-27 23:17:46","2020TankerNov6"
"1579026379",107.314666667,-24.67325,133,10.2,"2020-11-28 00:26:08","2020TankerNov6"
"1579026379",107.47595,-24.8103666667,132,11,"2020-11-28 01:34:48","2020TankerNov6"
"1579026379",107.667066667,-24.9858333333,137,10.1,"2020-11-28 02:57:48","2020TankerNov6"
"1579026379",107.801583333,-25.1115,136,10.3,"2020-11-28 04:00:18","2020TankerNov6"
"1579026379",107.9387,-25.2389166667,135,10,"2020-11-28 05:03:07","2020TankerNov6"
"1579026379",108.089116667,-25.37295,135,10.7,"2020-11-28 06:08:58","2020TankerNov6"
"1579026379",108.235683333,-25.5086333333,135,10.7,"2020-11-28 07:12:38","2020TankerNov6"
"1579026379",108.380566667,-25.6407666667,133,10.6,"2020-11-28 08:14:47","2020TankerNov6"
"1579026379",108.537316667,-25.7815333333,132,10.8,"2020-11-28 09:21:17","2020TankerNov6"
"1579026379",108.692233333,-25.9147333333,132,10.9,"2020-11-28 10:24:56","2020TankerNov6"
"1579026379",108.842266667,-26.0493666667,138,10.5,"2020-11-28 11:29:37","2020TankerNov6"
"1579026379",108.9777,-26.17365,133,10.3,"2020-11-28 12:29:57","2020TankerNov6"
"1579026379",109.126016667,-26.3040666667,134,10.1,"2020-11-28 13:34:56","2020TankerNov6"
"1579026379",109.270033333,-26.43435,135,10,"2020-11-28 14:39:47","2020TankerNov6"
"1579026379",109.41385,-26.5614666667,132,10.3,"2020-11-28 15:43:37","2020TankerNov6"
"1579026379",109.55445,-26.6803,132,10.1,"2020-11-28 16:44:36","2020TankerNov6"
"1579026379",109.69075,-26.8076333333,139,10.3,"2020-11-28 17:44:57","2020TankerNov6"
"1579026379",109.823316667,-26.9299,130,10.2,"2020-11-28 18:44:57","2020TankerNov6"
"1579026379",109.96895,-27.0544833333,133,9.6,"2020-11-28 19:49:47","2020TankerNov6"
"1579026379",110.106266667,-27.1758333333,135,9.8,"2020-11-28 20:53:16","2020TankerNov6"
"1579026379",110.239483333,-27.2973166667,136,10,"2020-11-28 21:54:49","2020TankerNov6"
"1579026379",110.374566667,-27.4224166667,133,10.4,"2020-11-28 22:55:27","2020TankerNov6"
"1579026379",110.531016667,-27.5566,135,10.4,"2020-11-29 00:01:36","2020TankerNov6"
"1579026379",110.719716667,-27.7175833333,133,10.4,"2020-11-29 01:21:30","2020TankerNov6"
"1579026379",110.86755,-27.8436833333,135,10.2,"2020-11-29 02:24:38","2020TankerNov6"
"1579026379",110.9782166665,-27.94286666665,136,10.3,"2020-11-29 03:12:38","2020TankerNov6"
"1579026379",111.088883333,-28.04205,137,10.4,"2020-11-29 03:59:38","2020TankerNov6"
"1579026379",111.218966667,-28.17425,140,10.4,"2020-11-29 04:59:48","2020TankerNov6"
"1579026379",111.360933333,-28.30405,131,10.5,"2020-11-29 06:01:58","2020TankerNov6"
"1579026379",111.561733333,-28.478,138,10.3,"2020-11-29 07:27:18","2020TankerNov6"
"1579026379",111.707216667,-28.6045833333,131,10.4,"2020-11-29 08:29:38","2020TankerNov6"
"1579026379",111.900483333,-28.75725,133,10.8,"2020-11-29 09:45:57","2020TankerNov6"
"1579026379",112.06705,-28.8988166667,130,11.1,"2020-11-29 10:53:08","2020TankerNov6"
"1579026379",112.22855,-29.0403833333,137,10.2,"2020-11-29 12:01:17","2020TankerNov6"
"1579026379",112.386516667,-29.1845666667,132,10.3,"2020-11-29 13:11:58","2020TankerNov6"
"1579026379",112.549166667,-29.3285,136,10.2,"2020-11-29 14:22:47","2020TankerNov6"
"1579026379",112.69965,-29.4578333333,134,10.3,"2020-11-29 15:27:37","2020TankerNov6"
"1579026379",112.873233333,-29.6062666667,134,10.6,"2020-11-29 16:40:38","2020TankerNov6"
"1579026379",113.028233333,-29.7417666667,135,11.1,"2020-11-29 17:43:36","2020TankerNov6"
"1579026379",113.195133333,-29.8876,135,11.1,"2020-11-29 18:49:47","2020TankerNov6"
"1579026379",113.345383333,-30.0185666667,136,10.4,"2020-11-29 19:50:58","2020TankerNov6"
"1579026379",113.5252,-30.1778166667,138,9.1,"2020-11-29 21:08:56","2020TankerNov6"
"1579026379",113.65805,-30.2857333333,132,8.7,"2020-11-29 22:14:27","2020TankerNov6"
"1579026379",113.8009,-30.4063666667,131,8.5,"2020-11-29 23:27:18","2020TankerNov6"
"1579026379",113.927016667,-30.5127333333,138,7.6,"2020-11-30 00:32:57","2020TankerNov6"
"1579026379",114.047966667,-30.6193666667,135,7.6,"2020-11-30 01:42:18","2020TankerNov6"
"1579026379",114.175416667,-30.7284833333,130,8.2,"2020-11-30 02:51:08","2020TankerNov6"
"1579026379",114.318716667,-30.8422666667,135,8.3,"2020-11-30 04:01:49","2020TankerNov6"
"1579026379",114.439583333,-30.9516833333,136,8.3,"2020-11-30 05:06:37","2020TankerNov6"
"1579026379",114.549083333,-31.0558833333,141,8.2,"2020-11-30 06:07:26","2020TankerNov6"
"1579026379",114.673183333,-31.1640166667,133,8.9,"2020-11-30 07:09:57","2020TankerNov6"
"1579026379",114.804333333,-31.2756,137,9.1,"2020-11-30 08:09:57","2020TankerNov6"
"1579026379",114.936733333,-31.3856666667,131,8.8,"2020-11-30 09:14:56","2020TankerNov6"
"1579026379",115.0694,-31.4907833333,139,8.6,"2020-11-30 10:14:57","2020TankerNov6"
"1579026379",115.162233333,-31.6246833333,150,8.7,"2020-11-30 11:19:57","2020TankerNov6"
"1579026379",115.253216667,-31.7429833333,113,9.4,"2020-11-30 12:19:58","2020TankerNov6"
"1579026379",115.452883333,-31.8147333333,111,10.5,"2020-11-30 13:24:57","2020TankerNov6"
"1579026379",115.596266667,-31.8724,128,6.9,"2020-11-30 14:24:57","2020TankerNov6"
"1579026379",115.665666667,-31.926,41,0.2,"2020-11-30 15:24:57","2020TankerNov6"
"1579026379",115.666233333,-31.9248,265,0.2,"2020-11-30 16:29:40","2020TankerNov6"
"1579026379",115.66635,-31.92485,296,0.1,"2020-11-30 17:29:40","2020TankerNov6"
"1579026379",115.66665,-31.9251166667,296,0.1,"2020-11-30 18:29:40","2020TankerNov6"
"END",NA,NA,NA,NA,NA,"NA"
"1550746545",115.87455,-19.0089433333,224.7,11.9,"2020-11-14 06:04:52","2020TankerNov7"
"1550746545",115.727221667,-19.1565233333,223.6,12.4,"2020-11-14 07:04:52","2020TankerNov7"
"1550746545",115.562753333,-19.3122216667,221.8,11.6,"2020-11-14 08:09:52","2020TankerNov7"
"1550746545",115.40961,-19.4667716667,224.1,11.7,"2020-11-14 09:14:51","2020TankerNov7"
"1550746545",115.274645,-19.61714,215.9,11.6,"2020-11-14 10:14:51","2020TankerNov7"
"1550746545",115.150303333,-19.775225,217.3,11.6,"2020-11-14 11:14:55","2020TankerNov7"
"1550746545",115.028723333,-19.9338666667,218.4,11.5,"2020-11-14 12:15:53","2020TankerNov7"
"1550746545",114.902265,-20.0859133333,215.6,11,"2020-11-14 13:16:31","2020TankerNov7"
"1550746545",114.78465,-20.242365,218,11,"2020-11-14 14:19:30","2020TankerNov7"
"1550746545",114.668355,-20.38586,217.4,10.2,"2020-11-14 15:19:40","2020TankerNov7"
"1550746545",114.573146667,-20.5444116667,199.2,11.3,"2020-11-14 16:19:51","2020TankerNov7"
"1550746545",114.511095,-20.7338733333,197.4,11.1,"2020-11-14 17:22:52","2020TankerNov7"
"1550746545",114.450708333,-20.9178233333,196.1,10.6,"2020-11-14 18:24:52","2020TankerNov7"
"1550746545",114.39401,-21.10396,197.7,10.7,"2020-11-14 19:29:52","2020TankerNov7"
"1550746545",114.335098333,-21.2942866667,197.5,9.7,"2020-11-14 20:34:51","2020TankerNov7"
"1550746545",114.313791667,-21.338575,345.2,1.7,"2020-11-14 21:34:53","2020TankerNov7"
"1550746545",114.305336667,-21.3053533333,344.9,2,"2020-11-14 22:39:52","2020TankerNov7"
"1550746545",114.294158333,-21.268955,344.2,2.4,"2020-11-14 23:39:52","2020TankerNov7"
"1550746545",114.28245,-21.2323183333,342.9,2.3,"2020-11-15 00:39:52","2020TankerNov7"
"1550746545",114.268051667,-21.1938183333,338.9,2.2,"2020-11-15 01:43:05","2020TankerNov7"
"1550746545",114.247106667,-21.1550683333,333.8,2.5,"2020-11-15 02:49:04","2020TankerNov7"
"1550746545",114.22612,-21.122275,323.6,2,"2020-11-15 03:49:05","2020TankerNov7"
"1550746545",114.206595,-21.0938333333,319.7,1.9,"2020-11-15 04:49:05","2020TankerNov7"
"1550746545",114.185173333,-21.0663616667,326.5,1.8,"2020-11-15 05:52:04","2020TankerNov7"
"1550746545",114.170898333,-21.0392766667,335,1.7,"2020-11-15 06:52:06","2020TankerNov7"
"1550746545",114.148513333,-21.01947,153.6,5.3,"2020-11-15 07:54:53","2020TankerNov7"
"1550746545",114.236293333,-21.1872383333,154.8,12.2,"2020-11-15 08:54:53","2020TankerNov7"
"1550746545",114.329663333,-21.37201,151.4,12.3,"2020-11-15 09:54:54","2020TankerNov7"
"1550746545",114.392356667,-21.4817833333,150.7,1.3,"2020-11-15 10:54:55","2020TankerNov7"
"1550746545",114.417843333,-21.44516,38.5,3.2,"2020-11-15 11:54:55","2020TankerNov7"
"1550746545",114.450515,-21.4033166667,36.8,2.7,"2020-11-15 12:59:53","2020TankerNov7"
"1550746545",114.463146667,-21.3608333333,317.6,6.7,"2020-11-15 13:59:54","2020TankerNov7"
"1550746545",114.341808333,-21.31816,341.6,2.4,"2020-11-15 15:04:53","2020TankerNov7"
"1550746545",114.342605,-21.2787216667,1.1,2.4,"2020-11-15 16:04:53","2020TankerNov7"
"1550746545",114.34383,-21.24334,2.3,2.4,"2020-11-15 17:04:54","2020TankerNov7"
"1550746545",114.34143,-21.20878,353.5,1.9,"2020-11-15 18:04:54","2020TankerNov7"
"1550746545",114.339835,-21.1718383333,0.6,2.1,"2020-11-15 19:09:54","2020TankerNov7"
"1550746545",114.340181667,-21.13562,2.8,2.3,"2020-11-15 20:09:54","2020TankerNov7"
"1550746545",114.343928333,-21.1012266667,6.7,1.9,"2020-11-15 21:09:55","2020TankerNov7"
"1550746545",114.348475,-21.0635683333,4.2,1.8,"2020-11-15 22:14:54","2020TankerNov7"
"END",NA,NA,NA,NA,NA,"NA"
"1550746545",114.118196667,-21.5367766667,96.5,0.1,"2020-11-21 02:59:54","2020TankerNov8"
"1550746545",114.118423333,-21.5368983333,93.9,0.1,"2020-11-21 04:04:53","2020TankerNov8"
"1550746545",114.119511667,-21.5375866667,210.45,0.2,"2020-11-21 05:04:53","2020TankerNov8"
"1550746545",114.119678333,-21.5377133333,327,0.3,"2020-11-21 06:04:53","2020TankerNov8"
"1550746545",114.119443333,-21.537525,302.5,0.2,"2020-11-21 07:04:55","2020TankerNov8"
"1550746545",114.118988333,-21.5372383333,2.7,0.5,"2020-11-21 08:09:54","2020TankerNov8"
"1550746545",114.14832,-21.5534616667,138.3,8.4,"2020-11-21 09:09:55","2020TankerNov8"
"1550746545",114.228916667,-21.6113516667,13.3,1.8,"2020-11-21 10:14:53","2020TankerNov8"
"1550746545",114.264336667,-21.5311783333,11.1,12.8,"2020-11-21 11:14:53","2020TankerNov8"
"1550746545",114.297885,-21.30438,10.7,12.2,"2020-11-21 12:19:54","2020TankerNov8"
"1550746545",114.32944,-21.09962,7.3,12.9,"2020-11-21 13:19:54","2020TankerNov8"
"1550746545",114.355871667,-20.8820966667,7.8,13,"2020-11-21 14:19:54","2020TankerNov8"
"1550746545",114.385726667,-20.6710133333,8.2,12.7,"2020-11-21 15:19:54","2020TankerNov8"
"1550746545",114.41643,-20.4438333333,6.5,12.6,"2020-11-21 16:24:54","2020TankerNov8"
"1550746545",114.446391667,-20.23156,7.3,13.1,"2020-11-21 17:24:54","2020TankerNov8"
"1550746545",114.474495,-20.0165416667,7.1,12.9,"2020-11-21 18:24:55","2020TankerNov8"
"1550746545",114.50671,-19.7799766667,7.8,13.2,"2020-11-21 19:29:53","2020TankerNov8"
"1550746545",114.538003333,-19.5599783333,6.6,13.1,"2020-11-21 20:29:54","2020TankerNov8"
"1550746545",114.568756667,-19.3450633333,7.6,12.8,"2020-11-21 21:29:55","2020TankerNov8"
"1550746545",114.601611667,-19.1168616667,10.1,12.9,"2020-11-21 22:34:54","2020TankerNov8"
"1550746545",114.629271667,-18.8796233333,6.4,13.2,"2020-11-21 23:39:59","2020TankerNov8"
"1550746545",114.664971667,-18.6291283333,6.4,13.5,"2020-11-22 00:44:58","2020TankerNov8"
"1550746545",114.686501667,-18.386925,3.7,13.4,"2020-11-22 01:49:58","2020TankerNov8"
"1550746545",114.710223333,-18.1444616667,6.9,13.4,"2020-11-22 02:54:39","2020TankerNov8"
"1550746545",114.735008333,-17.92652,4.4,12.9,"2020-11-22 03:54:58","2020TankerNov8"
"1550746545",114.75601,-17.715425,7.2,12.3,"2020-11-22 04:54:59","2020TankerNov8"
"1550746545",114.785313333,-17.4905566667,7.8,12.6,"2020-11-22 05:59:58","2020TankerNov8"
"1550746545",114.810446667,-17.2766283333,6.3,12.8,"2020-11-22 06:59:58","2020TankerNov8"
"1550746545",114.832375,-17.0695633333,5.9,11.9,"2020-11-22 07:59:58","2020TankerNov8"
"1550746545",114.855225,-16.846075,4.5,12.8,"2020-11-22 09:04:58","2020TankerNov8"
"1550746545",114.876228333,-16.6329566667,3.3,12.9,"2020-11-22 10:04:58","2020TankerNov8"
"1550746545",114.904393333,-16.3979566667,8.4,13.1,"2020-11-22 11:09:59","2020TankerNov8"
"1550746545",114.926516667,-16.18718,6,12.5,"2020-11-22 12:09:59","2020TankerNov8"
"1550746545",114.953585,-15.9767283333,13.2,12.9,"2020-11-22 13:09:59","2020TankerNov8"
"1550746545",114.976728333,-15.7344233333,5.1,13.8,"2020-11-22 14:14:57","2020TankerNov8"
"1550746545",115.000275,-15.5016216667,6.5,14.2,"2020-11-22 15:14:59","2020TankerNov8"
"1550746545",115.026673333,-15.2678416667,7.1,14,"2020-11-22 16:14:59","2020TankerNov8"
"END",NA,NA,NA,NA,NA,"NA"
"5172",115.97645,-35.1706,302,12.6,"2020-11-20 12:49:57","2020TankerNov9"
"5172",115.752616667,-35.0403333333,304,12.4,"2020-11-20 13:54:56","2020TankerNov9"
"5172",115.5471,-34.9183,305,12.4,"2020-11-20 14:54:57","2020TankerNov9"
"5172",115.3461,-34.8011833333,304,11.9,"2020-11-20 15:54:57","2020TankerNov9"
"5172",115.149416667,-34.6863833333,305,11.8,"2020-11-20 16:54:57","2020TankerNov9"
"5172",114.938866667,-34.55925,306,11.9,"2020-11-20 17:59:57","2020TankerNov9"
"5172",114.786416667,-34.4169333333,341,12.3,"2020-11-20 18:59:58","2020TankerNov9"
"5172",114.713333333,-34.2012833333,344,12.7,"2020-11-20 20:04:56","2020TankerNov9"
"5172",114.672483333,-33.9842333333,349,13.5,"2020-11-20 21:04:57","2020TankerNov9"
"5172",114.57605,-33.7543833333,341,13,"2020-11-20 22:09:57","2020TankerNov9"
"5172",114.485433333,-33.5338666667,340,13,"2020-11-20 23:14:57","2020TankerNov9"
"5172",114.393116667,-33.3147166667,342,12.5,"2020-11-21 00:19:57","2020TankerNov9"
"5172",114.311416667,-33.1276833333,336,11.3,"2020-11-21 01:19:57","2020TankerNov9"
"5172",114.2322,-32.9283666667,342,12.1,"2020-11-21 02:24:46","2020TankerNov9"
"5172",114.160316667,-32.7272333333,343,12.7,"2020-11-21 03:24:48","2020TankerNov9"
"5172",114.061916667,-32.48665,336,13.2,"2020-11-21 04:34:38","2020TankerNov9"
"5172",113.96015,-32.2641666667,339,13,"2020-11-21 05:39:57","2020TankerNov9"
"5172",113.858666667,-32.0369833333,340,11.7,"2020-11-21 06:49:57","2020TankerNov9"
"5172",113.80075,-31.8425666667,351,12.2,"2020-11-21 07:51:18","2020TankerNov9"
"5172",113.68945,-31.5868333333,340,12.7,"2020-11-21 09:09:56","2020TankerNov9"
"5172",113.58485,-31.3226833333,342,12.5,"2020-11-21 10:29:18","2020TankerNov9"
"5172",113.50875,-31.1205333333,341,12.6,"2020-11-21 11:30:17","2020TankerNov9"
"5172",113.412716667,-30.8925166667,340,12.6,"2020-11-21 12:39:07","2020TankerNov9"
"5172",113.319966667,-30.6588833333,343,12.1,"2020-11-21 13:49:56","2020TankerNov9"
"5172",113.22295,-30.41835,340,12.4,"2020-11-21 15:03:47","2020TankerNov9"
"5172",113.122566667,-30.1825333333,340,13.2,"2020-11-21 16:13:57","2020TankerNov9"
"5172",113.025516667,-29.9364666667,339,13.5,"2020-11-21 17:23:28","2020TankerNov9"
"5172",112.913483333,-29.6640666667,339,13.3,"2020-11-21 18:41:07","2020TankerNov9"
"5172",112.830516667,-29.4398166667,341,13.2,"2020-11-21 19:45:34","2020TankerNov9"
"5172",112.72165,-29.1743166667,343,12.9,"2020-11-21 21:03:37","2020TankerNov9"
"5172",112.64065,-28.9135333333,340,13.1,"2020-11-21 22:17:27","2020TankerNov9"
"5172",112.546933333,-28.7028,336,12.6,"2020-11-21 23:20:09","2020TankerNov9"
"5172",112.460383333,-28.4964666667,340,12.2,"2020-11-22 00:22:48","2020TankerNov9"
"5172",112.366,-28.2699,340,11.9,"2020-11-22 01:33:37","2020TankerNov9"
"5172",112.294733333,-28.0648666667,345,11.5,"2020-11-22 02:39:37","2020TankerNov9"
"5172",112.21525,-27.8426333333,340,12,"2020-11-22 03:49:37","2020TankerNov9"
"5172",112.140933333,-27.6532,339,11.8,"2020-11-22 04:49:57","2020TankerNov9"
"5172",112.065283333,-27.4635166667,339,12.2,"2020-11-22 05:49:57","2020TankerNov9"
"5172",111.986116667,-27.2541833333,342,12.3,"2020-11-22 06:54:56","2020TankerNov9"
"5172",111.906083333,-27.0583666667,341,12.7,"2020-11-22 07:54:57","2020TankerNov9"
"5172",111.827533333,-26.85325,340,12.8,"2020-11-22 08:54:57","2020TankerNov9"
"5172",111.748733333,-26.6485,341,12.9,"2020-11-22 09:54:57","2020TankerNov9"
"5172",111.670033333,-26.4435666667,341,12.9,"2020-11-22 10:54:57","2020TankerNov9"
"5172",111.58805,-26.2188333333,340,13.2,"2020-11-22 11:59:58","2020TankerNov9"
"5172",111.500733333,-25.9932333333,342,13.1,"2020-11-22 13:04:58","2020TankerNov9"
"5172",111.411166667,-25.7677,341,13.2,"2020-11-22 14:09:57","2020TankerNov9"
"5172",111.321216667,-25.54085,341,13.2,"2020-11-22 15:14:56","2020TankerNov9"
"5172",111.25035,-25.3311666667,340,12.9,"2020-11-22 16:14:58","2020TankerNov9"
"5172",111.1592,-25.1147166667,341,12.9,"2020-11-22 17:19:58","2020TankerNov9"
"5172",111.081016667,-24.9000166667,340,13.7,"2020-11-22 18:19:58","2020TankerNov9"
"5172",110.995266667,-24.6621666667,339,13.8,"2020-11-22 19:24:49","2020TankerNov9"
"5172",110.906383333,-24.4398333333,341,14,"2020-11-22 20:24:55","2020TankerNov9"
"5172",110.823466667,-24.2001333333,341,13.7,"2020-11-22 21:29:53","2020TankerNov9"
"5172",110.744933333,-23.9853666667,339,13.4,"2020-11-22 22:29:54","2020TankerNov9"
"5172",110.654383333,-23.7614833333,340,13.3,"2020-11-22 23:34:12","2020TankerNov9"
"5172",110.560366667,-23.5054333333,343,12.7,"2020-11-23 00:47:51","2020TankerNov9"
"5172",110.483683333,-23.29885,340,12.6,"2020-11-23 01:49:53","2020TankerNov9"
"5172",110.405666667,-23.0965666667,340,12.7,"2020-11-23 02:49:53","2020TankerNov9"
"5172",110.3318,-22.89795,338,12.4,"2020-11-23 03:49:54","2020TankerNov9"
"5172",110.2463,-22.6829,343,11.9,"2020-11-23 04:56:34","2020TankerNov9"
"5172",110.147833333,-22.4188,340,12.1,"2020-11-23 06:19:52","2020TankerNov9"
"5172",110.0838,-22.2320166667,342,11.9,"2020-11-23 07:19:54","2020TankerNov9"
"5172",110.009416667,-22.0331833333,338,11.6,"2020-11-23 08:24:53","2020TankerNov9"
"5172",109.933833333,-21.8326666667,342,11.9,"2020-11-23 09:29:52","2020TankerNov9"
"5172",109.87125,-21.6400166667,343,12.1,"2020-11-23 10:29:54","2020TankerNov9"
"5172",109.79475,-21.4301833333,338,12.3,"2020-11-23 11:34:52","2020TankerNov9"
"5172",109.716233333,-21.2366666667,339,12.3,"2020-11-23 12:34:52","2020TankerNov9"
"5172",109.64435,-21.0384833333,342,12.6,"2020-11-23 13:34:54","2020TankerNov9"
"5172",109.57345,-20.8388333333,339,12.5,"2020-11-23 14:34:54","2020TankerNov9"
"5172",109.4932,-20.6241166667,341,12.6,"2020-11-23 15:39:51","2020TankerNov9"
"5172",109.412366667,-20.4149166667,339,12.3,"2020-11-23 16:43:52","2020TankerNov9"
"5172",109.339766667,-20.2171666667,341,12.1,"2020-11-23 17:44:53","2020TankerNov9"
"5172",109.267033333,-20.0068,341,12.1,"2020-11-23 18:49:53","2020TankerNov9"
"5172",109.195433333,-19.8127833333,340,12.5,"2020-11-23 19:49:53","2020TankerNov9"
"5172",109.114016667,-19.6027833333,341,12.2,"2020-11-23 20:54:53","2020TankerNov9"
"5172",109.044833333,-19.4057,341,12.3,"2020-11-23 21:54:53","2020TankerNov9"
"5172",108.972383333,-19.2090166667,343,12.6,"2020-11-23 22:54:54","2020TankerNov9"
"5172",108.8969,-18.9914,339,12.6,"2020-11-23 23:59:52","2020TankerNov9"
"5172",108.8226,-18.78905,340,12.7,"2020-11-24 00:59:52","2020TankerNov9"
"5172",108.751866667,-18.5881166667,341,12.6,"2020-11-24 01:59:52","2020TankerNov9"
"5172",108.67975,-18.3897833333,340,12.3,"2020-11-24 02:59:52","2020TankerNov9"
"5172",108.598166667,-18.1729166667,339,13,"2020-11-24 04:04:52","2020TankerNov9"
"5172",108.523783333,-17.9615,341,12.4,"2020-11-24 05:07:33","2020TankerNov9"
"5172",108.4499,-17.75545,341,12.5,"2020-11-24 06:09:52","2020TankerNov9"
"5172",108.377716667,-17.55855,341,12.2,"2020-11-24 07:09:53","2020TankerNov9"
"5172",108.30515,-17.3434333333,341,13.2,"2020-11-24 08:13:03","2020TankerNov9"
"5172",108.223433333,-17.1257666667,339,13.6,"2020-11-24 09:14:53","2020TankerNov9"
"5172",108.140966667,-16.9080333333,339,13.1,"2020-11-24 10:15:15","2020TankerNov9"
"5172",108.062583333,-16.6921833333,342,12.6,"2020-11-24 11:19:53","2020TankerNov9"
"5172",107.9871,-16.4523833333,341,14,"2020-11-24 12:24:59","2020TankerNov9"
"5172",107.892966667,-16.1999,338,13,"2020-11-24 13:36:17","2020TankerNov9"
"5172",107.8136,-15.9907666667,341,13,"2020-11-24 14:37:27","2020TankerNov9"
"5172",107.739283333,-15.75945,342,12.8,"2020-11-24 15:44:55","2020TankerNov9"
"5172",107.671566667,-15.5576333333,341,12.6,"2020-11-24 16:44:56","2020TankerNov9"
"5172",107.598666667,-15.3543166667,340,12.9,"2020-11-24 17:44:56","2020TankerNov9"
"END",NA,NA,NA,NA,NA,"NA"
"1232374",115.88675,-18.2153666667,268,12.9,"2020-11-11 03:44:46","2020TankerNov10"
"1232374",115.745133333,-18.3404166667,195,11.7,"2020-11-11 04:44:54","2020TankerNov10"
"1232374",115.638733333,-18.5158166667,207,12.4,"2020-11-11 05:44:55","2020TankerNov10"
"1232374",115.5396,-18.7009833333,207,12.7,"2020-11-11 06:45:24","2020TankerNov10"
"1232374",115.431233333,-18.9029166667,206,12.4,"2020-11-11 07:49:55","2020TankerNov10"
"1232374",115.312083333,-19.0783,216,12.5,"2020-11-11 08:49:55","2020TankerNov10"
"1232374",115.172666667,-19.2636333333,216,12.7,"2020-11-11 09:54:54","2020TankerNov10"
"1232374",115.046233333,-19.4355833333,213,12.6,"2020-11-11 10:54:55","2020TankerNov10"
"1232374",114.928,-19.6097666667,211,12.4,"2020-11-11 11:54:56","2020TankerNov10"
"1232374",114.850916667,-19.8208,208,12.3,"2020-11-11 12:59:56","2020TankerNov10"
"1232374",114.7546,-20.00345,196,12.1,"2020-11-11 13:59:56","2020TankerNov10"
"1232374",114.686933333,-20.2135666667,195,12.2,"2020-11-11 15:04:45","2020TankerNov10"
"1232374",114.6503,-20.41165,197,12.2,"2020-11-11 16:04:54","2020TankerNov10"
"1232374",114.586266667,-20.6058333333,196,11.9,"2020-11-11 17:04:55","2020TankerNov10"
"1232374",114.705666667,-20.6603666667,59,14.9,"2020-11-11 18:04:59","2020TankerNov10"
"1232374",114.867866667,-20.72895,60,14.5,"2020-11-11 19:09:57","2020TankerNov10"
"1232374",114.993016667,-20.8887666667,152,12.7,"2020-11-11 20:09:59","2020TankerNov10"
"1232374",115.110483333,-21.08865,138,10.9,"2020-11-11 21:14:59","2020TankerNov10"
"1232374",115.25365,-21.2389833333,171,9.7,"2020-11-11 22:19:47","2020TankerNov10"
"1232374",115.181133333,-21.38455,230,9.3,"2020-11-11 23:19:57","2020TankerNov10"
"1232374",115.070416667,-21.4758,225,8.5,"2020-11-12 00:24:57","2020TankerNov10"
"1232374",115.026966667,-21.6038666667,194,8,"2020-11-12 01:24:59","2020TankerNov10"
"1232374",115.0072,-21.6763666667,31,0.1,"2020-11-12 02:29:58","2020TankerNov10"
"END",NA,NA,NA,NA,NA,"NA"
"1232374",115.029516667,-21.5947166667,13,8,"2020-11-12 22:39:55","2020TankerNov11"
"1232374",115.072566667,-21.4727166667,52,8.8,"2020-11-12 23:39:56","2020TankerNov11"
"1232374",115.219516667,-21.35325,54,12.8,"2020-11-13 00:44:56","2020TankerNov11"
"1232374",115.173316667,-21.1631166667,304,15.2,"2020-11-13 01:49:56","2020TankerNov11"
"1232374",115.00565,-20.9193333333,329,16.1,"2020-11-13 02:54:55","2020TankerNov11"
"1232374",114.802883333,-20.7474,302,15.6,"2020-11-13 03:54:55","2020TankerNov11"
"1232374",114.569583333,-20.6073833333,303,15.8,"2020-11-13 04:54:55","2020TankerNov11"
"1232374",114.506166667,-20.3657333333,0,16.4,"2020-11-13 05:54:55","2020TankerNov11"
"1232374",114.5749,-20.1121666667,40,16.6,"2020-11-13 06:54:55","2020TankerNov11"
"1232374",114.7627,-19.8961333333,39,16.8,"2020-11-13 07:54:56","2020TankerNov11"
"1232374",114.9473,-19.6783333333,38,16.3,"2020-11-13 08:54:56","2020TankerNov11"
"1232374",115.13435,-19.4667333333,38,16.7,"2020-11-13 09:54:56","2020TankerNov11"
"1232374",115.338166667,-19.2280166667,39,16.9,"2020-11-13 10:59:55","2020TankerNov11"
"1232374",115.5444,-18.9943666667,41,16.2,"2020-11-13 12:04:56","2020TankerNov11"
"1232374",115.7328,-18.7743833333,37,15.4,"2020-11-13 13:09:50","2020TankerNov11"
"END",NA,NA,NA,NA,NA,"NA"
"44043490",107.852451667,-15.1079833333,162.7,12.1,"2020-11-06 11:53:59","2020TankerNov12"
"44043490",107.921306667,-15.31421,162.8,11.8,"2020-11-06 12:59:10","2020TankerNov12"
"44043490",107.993163333,-15.5305966667,161.2,11.9,"2020-11-06 14:07:39","2020TankerNov12"
"44043490",108.063971667,-15.7424983333,161.2,11.4,"2020-11-06 15:15:58","2020TankerNov12"
"44043490",108.144516667,-15.9854166667,163,11.3,"2020-11-06 16:36:00","2020TankerNov12"
"44043490",108.205373333,-16.172585,163.2,11.1,"2020-11-06 17:39:59","2020TankerNov12"
"44043490",108.271173333,-16.3695466667,164.5,11.9,"2020-11-06 18:43:19","2020TankerNov12"
"44043490",108.337491667,-16.5587783333,162.1,11.8,"2020-11-06 19:44:19","2020TankerNov12"
"44043490",108.400391667,-16.75162,162.8,12.1,"2020-11-06 20:44:38","2020TankerNov12"
"44043490",108.465743333,-16.94525,162.4,12.1,"2020-11-06 21:44:39","2020TankerNov12"
"44043490",108.531141667,-17.1396316667,161.8,12,"2020-11-06 22:44:58","2020TankerNov12"
"44043490",108.601701667,-17.356225,163.3,11.8,"2020-11-06 23:53:18","2020TankerNov12"
"44043490",108.675731667,-17.5579116667,164.7,11.6,"2020-11-07 00:58:27","2020TankerNov12"
"44043490",108.75262,-17.8003216667,163,12.2,"2020-11-07 02:14:48","2020TankerNov12"
"44043490",108.824305,-18.0072383333,158.8,12.1,"2020-11-07 03:19:19","2020TankerNov12"
"44043490",108.891036667,-18.1989583333,162.3,12.2,"2020-11-07 04:19:19","2020TankerNov12"
"44043490",108.959815,-18.4071166667,161.8,12,"2020-11-07 05:23:49","2020TankerNov12"
"44043490",109.0124525,-18.5528825,162.45,12,"2020-11-07 06:10:48","2020TankerNov12"
"44043490",109.06509,-18.6986483333,163.1,12,"2020-11-07 06:56:48","2020TankerNov12"
"44043490",109.13838,-18.928365,161.7,11.8,"2020-11-07 08:09:07","2020TankerNov12"
"44043490",109.202638333,-19.1171083333,163.6,11.7,"2020-11-07 09:10:00","2020TankerNov12"
"44043490",109.265236667,-19.307545,160.8,12.3,"2020-11-07 10:10:00","2020TankerNov12"
"44043490",109.338328333,-19.5179133333,163.3,12.1,"2020-11-07 11:15:00","2020TankerNov12"
"44043490",109.408505,-19.7227783333,161.1,11.8,"2020-11-07 12:19:30","2020TankerNov12"
"44043490",109.479891667,-19.931635,163.8,12,"2020-11-07 13:24:59","2020TankerNov12"
"44043490",109.55103,-20.1419066667,162,12.3,"2020-11-07 14:29:48","2020TankerNov12"
"44043490",109.629698333,-20.3693766667,164.1,12.3,"2020-11-07 15:39:39","2020TankerNov12"
"44043490",109.69899,-20.5715016667,162.7,12.2,"2020-11-07 16:41:48","2020TankerNov12"
"44043490",109.774821667,-20.7927616667,162,12.2,"2020-11-07 17:49:59","2020TankerNov12"
"44043490",109.856455,-21.0298116667,163,12,"2020-11-07 19:03:27","2020TankerNov12"
"44043490",109.934363333,-21.257445,160.9,11.7,"2020-11-07 20:14:58","2020TankerNov12"
"44043490",110.002068333,-21.4456916667,161.8,11.8,"2020-11-07 21:15:00","2020TankerNov12"
"44043490",110.06723,-21.63859,162.5,11.7,"2020-11-07 22:16:50","2020TankerNov12"
"44043490",110.13796,-21.83995,162.5,11.9,"2020-11-07 23:21:19","2020TankerNov12"
"44043490",110.190965,-21.98927916665,162.45,12,"2020-11-08 00:08:00","2020TankerNov12"
"44043490",110.24397,-22.1386083333,162.4,12.1,"2020-11-08 00:54:00","2020TankerNov12"
"44043490",110.308933333,-22.34646,160.2,11.7,"2020-11-08 01:58:20","2020TankerNov12"
"44043490",110.393663333,-22.5738516667,164,11.7,"2020-11-08 03:11:18","2020TankerNov12"
"44043490",110.460351667,-22.7689366667,161.9,11.8,"2020-11-08 04:13:28","2020TankerNov12"
"44043490",110.525433333,-22.9570416667,161.8,11.4,"2020-11-08 05:14:27","2020TankerNov12"
"44043490",110.593425,-23.1458483333,164.1,11.7,"2020-11-08 06:14:47","2020TankerNov12"
"44043490",110.673025,-23.368035,158.1,11.4,"2020-11-08 07:27:47","2020TankerNov12"
"44043490",110.740313333,-23.5659966667,162.2,11.7,"2020-11-08 08:32:39","2020TankerNov12"
"44043490",110.81458,-23.7769233333,161.8,11.6,"2020-11-08 09:41:07","2020TankerNov12"
"44043490",110.884206667,-23.979795,162.6,11.1,"2020-11-08 10:47:59","2020TankerNov12"
"44043490",110.961036667,-24.1894033333,162.3,11.2,"2020-11-08 11:58:49","2020TankerNov12"
"44043490",111.050921667,-24.4422466667,162.5,11.7,"2020-11-08 13:21:10","2020TankerNov12"
"44043490",111.12799,-24.6670333333,163.6,11.6,"2020-11-08 14:33:20","2020TankerNov12"
"44043490",111.197191667,-24.8650916667,162,11.7,"2020-11-08 15:37:09","2020TankerNov12"
"44043490",111.27105,-25.0718333333,162.1,11.6,"2020-11-08 16:44:58","2020TankerNov12"
"44043490",111.356865,-25.3096333333,163.3,11.2,"2020-11-08 18:03:48","2020TankerNov12"
"44043490",111.422715,-25.4920966667,163.2,11.2,"2020-11-08 19:04:08","2020TankerNov12"
"44043490",111.513863333,-25.7599366667,161.2,12,"2020-11-08 20:30:39","2020TankerNov12"
"44043490",111.597408333,-25.984075,163.5,11.4,"2020-11-08 21:42:09","2020TankerNov12"
"44043490",111.676165,-26.202225,160.2,12.1,"2020-11-08 22:51:49","2020TankerNov12"
"44043490",111.764348333,-26.4457316667,160.3,12.4,"2020-11-09 00:06:59","2020TankerNov12"
"44043490",111.834568333,-26.6482666667,161.2,12.9,"2020-11-09 01:06:59","2020TankerNov12"
"44043490",111.918776667,-26.880805,161.8,13.1,"2020-11-09 02:14:09","2020TankerNov12"
"44043490",112.017891667,-27.1555633333,164.3,12.5,"2020-11-09 03:34:58","2020TankerNov12"
"44043490",112.081465,-27.3275708333,164.75,12,"2020-11-09 04:29:20","2020TankerNov12"
"44043490",112.145038333,-27.4995783333,165.2,11.5,"2020-11-09 05:23:20","2020TankerNov12"
"44043490",112.211436667,-27.6899333333,162,11.1,"2020-11-09 06:27:20","2020TankerNov12"
"44043490",112.274152,-27.861738,161.6,10.6,"2020-11-09 07:28:00","2020TankerNov12"
"44043490",112.3206693335,-27.98750733335,163.1,10.25,"2020-11-09 08:13:49","2020TankerNov12"
"44043490",112.367186667,-28.1132766667,164.6,9.9,"2020-11-09 08:58:49","2020TankerNov12"
"44043490",112.43283,-28.2914016667,159.1,9,"2020-11-09 10:08:30","2020TankerNov12"
"44043490",112.4803433335,-28.41825583335,160.1,8.85,"2020-11-09 10:59:09","2020TankerNov12"
"44043490",112.527856667,-28.54511,161.1,8.7,"2020-11-09 11:49:09","2020TankerNov12"
"44043490",112.5944083335,-28.72424666665,162.4,9.2,"2020-11-09 13:02:08","2020TankerNov12"
"44043490",112.66096,-28.9033833333,163.7,9.7,"2020-11-09 14:13:08","2020TankerNov12"
"44043490",112.719193333,-29.075475,157.8,10.4,"2020-11-09 15:19:10","2020TankerNov12"
"44043490",112.79698,-29.286225,162.4,9.8,"2020-11-09 16:42:30","2020TankerNov12"
"44043490",112.864391667,-29.466025,164.6,9.8,"2020-11-09 17:51:29","2020TankerNov12"
"44043490",112.932626667,-29.647645,160.7,10.5,"2020-11-09 18:57:50","2020TankerNov12"
"44043490",113.006005,-29.8465983333,165.5,11,"2020-11-09 20:07:48","2020TankerNov12"
"44043490",113.084418333,-30.0591583333,161,10.8,"2020-11-09 21:19:29","2020TankerNov12"
"44043490",113.152318333,-30.2383783333,161.5,10.9,"2020-11-09 22:20:59","2020TankerNov12"
"44043490",113.228718333,-30.4476466667,162,10.2,"2020-11-09 23:36:30","2020TankerNov12"
"44043490",113.293958333,-30.619035,160,9.9,"2020-11-10 00:40:20","2020TankerNov12"
"44043490",113.36204,-30.791055,161.6,10.3,"2020-11-10 01:44:30","2020TankerNov12"
"44043490",113.427386667,-30.9763616667,153,10.9,"2020-11-10 02:51:09","2020TankerNov12"
"44043490",113.497236667,-31.14923,167.5,10.3,"2020-11-10 03:53:48","2020TankerNov12"
"44043490",113.559023333,-31.3307583333,166,10.1,"2020-11-10 05:00:00","2020TankerNov12"
"44043490",113.626343333,-31.50238,160.4,10.4,"2020-11-10 06:04:30","2020TankerNov12"
"44043490",113.694445,-31.68134,153,9,"2020-11-10 07:10:49","2020TankerNov12"
"44043490",113.75515,-31.85261,162.3,10.3,"2020-11-10 08:16:48","2020TankerNov12"
"44043490",113.7932366665,-31.95422916665,159.65,9.15,"2020-11-10 09:02:50","2020TankerNov12"
"44043490",113.831323333,-32.0558483333,157,8,"2020-11-10 09:47:50","2020TankerNov12"
"44043490",113.885655,-32.18715,166.2,8,"2020-11-10 10:49:09","2020TankerNov12"
"44043490",113.93575,-32.3229616667,167.8,8.4,"2020-11-10 11:50:18","2020TankerNov12"
"44043490",114.010335,-32.510955,163.1,8.6,"2020-11-10 13:10:50","2020TankerNov12"
"44043490",114.079143333,-32.687205,159.9,8.7,"2020-11-10 14:24:19","2020TankerNov12"
"44043490",114.148688333,-32.8766983333,161.5,9.4,"2020-11-10 15:41:09","2020TankerNov12"
"44043490",114.21049,-33.03732,163,9.7,"2020-11-10 16:43:58","2020TankerNov12"
"44043490",114.276635,-33.2096466667,162,9.1,"2020-11-10 17:54:39","2020TankerNov12"
"44043490",114.337705,-33.3692083333,164,9.4,"2020-11-10 18:59:19","2020TankerNov12"
"44043490",114.396863333,-33.51527,157.7,9.3,"2020-11-10 19:59:29","2020TankerNov12"
"44043490",114.45498,-33.6644416667,163.2,10.3,"2020-11-10 20:59:59","2020TankerNov12"
"44043490",114.512163333,-33.8122883333,161.5,10.4,"2020-11-10 21:59:59","2020TankerNov12"
"44043490",114.575183333,-33.9801483333,164.1,9.9,"2020-11-10 23:04:58","2020TankerNov12"
"44043490",114.630371667,-34.1424866667,165.1,10.4,"2020-11-11 00:04:59","2020TankerNov12"
"44043490",114.681583333,-34.3078216667,168.9,9.9,"2020-11-11 01:04:59","2020TankerNov12"
"44043490",114.734996667,-34.4696016667,161.9,10.5,"2020-11-11 02:04:59","2020TankerNov12"
"44043490",114.871276667,-34.589735,122.7,10.4,"2020-11-11 03:04:59","2020TankerNov12"
"44043490",115.061718333,-34.6967483333,121.5,10.3,"2020-11-11 04:09:59","2020TankerNov12"
"44043490",115.24533,-34.8060033333,127.7,9.8,"2020-11-11 05:14:58","2020TankerNov12"
"44043490",115.422275,-34.9083083333,126.1,10.2,"2020-11-11 06:19:58","2020TankerNov12"
"44043490",115.596153333,-35.0113333333,124.2,10.4,"2020-11-11 07:22:38","2020TankerNov12"
"44043490",115.7876,-35.11955,125,11.1,"2020-11-11 08:24:49","2020TankerNov12"
"END",NA,NA,NA,NA,NA,"NA"
"44043490",115.981075,-35.1719216667,306,13.1,"2020-11-22 19:29:58","2020TankerNov13"
"44043490",115.739781667,-35.0326433333,303.1,13.1,"2020-11-22 20:34:55","2020TankerNov13"
"44043490",115.525015,-34.906885,303.8,12.7,"2020-11-22 21:34:56","2020TankerNov13"
"44043490",115.291431667,-34.7705,305.6,13.4,"2020-11-22 22:39:55","2020TankerNov13"
"44043490",115.068718333,-34.6413666667,304.2,13.3,"2020-11-22 23:39:55","2020TankerNov13"
"44043490",114.848588333,-34.517205,303.8,12.9,"2020-11-23 00:39:55","2020TankerNov13"
"44043490",114.757131667,-34.3287633333,344.6,12.7,"2020-11-23 01:39:55","2020TankerNov13"
"44043490",114.687141667,-34.1223283333,344.8,13.1,"2020-11-23 02:39:56","2020TankerNov13"
"44043490",114.610255,-33.898958,342.9,13.9,"2020-11-23 03:40:38","2020TankerNov13"
"44043490",114.50116,-33.6146866667,345.3,13.8,"2020-11-23 04:56:33","2020TankerNov13"
"44043490",114.409795,-33.3836416667,344.3,13.8,"2020-11-23 05:59:57","2020TankerNov13"
"44043490",114.317238333,-33.1519966667,339.3,13,"2020-11-23 07:04:55","2020TankerNov13"
"44043490",114.237461667,-32.9339666667,344,12.9,"2020-11-23 08:09:53","2020TankerNov13"
"44043490",114.154501667,-32.716975,342,14,"2020-11-23 09:09:55","2020TankerNov13"
"44043490",114.054501667,-32.4695783333,341.2,14.5,"2020-11-23 10:15:00","2020TankerNov13"
"44043490",113.966485,-32.2423583333,343.4,13.9,"2020-11-23 11:15:00","2020TankerNov13"
"44043490",113.87534,-32.0090133333,343.9,13.2,"2020-11-23 12:19:50","2020TankerNov13"
"44043490",113.799238333,-31.7951966667,343.8,13.6,"2020-11-23 13:19:51","2020TankerNov13"
"44043490",113.714206667,-31.5833783333,340.4,13.3,"2020-11-23 14:20:00","2020TankerNov13"
"44043490",113.628393333,-31.349445,339.5,13.6,"2020-11-23 15:24:59","2020TankerNov13"
"44043490",113.538566667,-31.116115,342.4,13.5,"2020-11-23 16:29:50","2020TankerNov13"
"44043490",113.455943333,-30.8923916667,342.8,12.5,"2020-11-23 17:34:49","2020TankerNov13"
"44043490",113.380498333,-30.7009183333,340.5,11.9,"2020-11-23 18:34:50","2020TankerNov13"
"44043490",113.305711667,-30.5098266667,340.8,12.3,"2020-11-23 19:35:00","2020TankerNov13"
"44043490",113.230906667,-30.30693,341,13,"2020-11-23 20:35:00","2020TankerNov13"
"44043490",113.148528333,-30.0763383333,344.3,13.8,"2020-11-23 21:39:56","2020TankerNov13"
"44043490",113.065741667,-29.8515016667,340.8,14.1,"2020-11-23 22:39:56","2020TankerNov13"
"44043490",112.97006,-29.6129766667,338.8,13.8,"2020-11-23 23:44:53","2020TankerNov13"
"44043490",112.891088333,-29.3972016667,343.5,13.5,"2020-11-24 00:44:53","2020TankerNov13"
"44043490",112.804681667,-29.1629066667,339.8,13.7,"2020-11-24 01:49:52","2020TankerNov13"
"44043490",112.724051667,-28.941575,345.1,13.8,"2020-11-24 02:49:55","2020TankerNov13"
"44043490",112.641211667,-28.7223666667,340.5,14,"2020-11-24 03:49:59","2020TankerNov13"
"44043490",112.5506,-28.4830233333,342.3,13.8,"2020-11-24 04:55:00","2020TankerNov13"
"44043490",112.467841667,-28.252875,342.4,13.3,"2020-11-24 05:59:50","2020TankerNov13"
"44043490",112.39391,-28.0495216667,342.8,12.4,"2020-11-24 06:59:50","2020TankerNov13"
"44043490",112.322883333,-27.8522066667,340.7,12.6,"2020-11-24 07:59:50","2020TankerNov13"
"44043490",112.245706667,-27.6471316667,342.3,13.4,"2020-11-24 08:59:59","2020TankerNov13"
"44043490",112.159005,-27.4083483333,346,14,"2020-11-24 10:04:54","2020TankerNov13"
"44043490",112.075781667,-27.1871083333,341.8,13.5,"2020-11-24 11:04:58","2020TankerNov13"
"44043490",111.98315,-26.9304866667,343.3,14.1,"2020-11-24 12:14:54","2020TankerNov13"
"44043490",111.897748333,-26.6914316667,341.7,13.7,"2020-11-24 13:19:42","2020TankerNov13"
"44043490",111.798488333,-26.4242733333,341.6,14,"2020-11-24 14:32:11","2020TankerNov13"
"44043490",111.7154,-26.1911633333,340.5,14.3,"2020-11-24 15:34:57","2020TankerNov13"
"44043490",111.634006667,-25.9642733333,341.8,14.3,"2020-11-24 16:34:57","2020TankerNov13"
"44043490",111.550675,-25.7367483333,339.8,14.4,"2020-11-24 17:34:58","2020TankerNov13"
"44043490",111.456896667,-25.47896,341.2,14.6,"2020-11-24 18:42:17","2020TankerNov13"
"44043490",111.365821667,-25.217775,341,13.9,"2020-11-24 19:52:06","2020TankerNov13"
"44043490",111.27538,-24.9766066667,342,14.5,"2020-11-24 20:57:18","2020TankerNov13"
"44043490",111.168931667,-24.6690383333,344.1,13.9,"2020-11-24 22:19:41","2020TankerNov13"
"44043490",111.088433333,-24.4433616667,340.1,14.1,"2020-11-24 23:19:53","2020TankerNov13"
"44043490",111.007423333,-24.2170916667,339.9,14.3,"2020-11-25 00:19:54","2020TankerNov13"
"44043490",110.925641667,-23.9917133333,342.9,14,"2020-11-25 01:20:00","2020TankerNov13"
"44043490",110.842805,-23.7493266667,341.7,14.3,"2020-11-25 02:24:23","2020TankerNov13"
"44043490",110.761378333,-23.52512,342.2,14,"2020-11-25 03:24:54","2020TankerNov13"
"44043490",110.68482,-23.3073683333,340.1,13.5,"2020-11-25 04:24:59","2020TankerNov13"
"44043490",110.602093333,-23.0782216667,341,13.1,"2020-11-25 05:29:58","2020TankerNov13"
"44043490",110.523275,-22.8525983333,341.6,12.9,"2020-11-25 06:34:58","2020TankerNov13"
"44043490",110.45205,-22.6449883333,341.1,13,"2020-11-25 07:34:59","2020TankerNov13"
"44043490",110.37374,-22.4259716667,341.3,12.6,"2020-11-25 08:39:59","2020TankerNov13"
"44043490",110.298846667,-22.209135,342.8,12.7,"2020-11-25 09:44:58","2020TankerNov13"
"44043490",110.221903333,-21.9893866667,340.5,12.7,"2020-11-25 10:49:58","2020TankerNov13"
"44043490",110.143093333,-21.76192,341.3,13.6,"2020-11-25 11:54:58","2020TankerNov13"
"44043490",110.067215,-21.5458716667,342,13.6,"2020-11-25 12:54:59","2020TankerNov13"
"44043490",109.984218333,-21.3088466667,341.7,13.7,"2020-11-25 13:59:56","2020TankerNov13"
"44043490",109.907306667,-21.09273,341.9,13.7,"2020-11-25 14:59:57","2020TankerNov13"
"44043490",109.829681667,-20.8707383333,341.1,14,"2020-11-25 15:59:58","2020TankerNov13"
"44043490",109.74706,-20.6301033333,340.3,14,"2020-11-25 17:04:55","2020TankerNov13"
"44043490",109.66619,-20.39468,341.3,13.4,"2020-11-25 18:09:55","2020TankerNov13"
"44043490",109.585245,-20.16525,341.7,13.3,"2020-11-25 19:14:53","2020TankerNov13"
"44043490",109.5131,-19.950805,341.5,13.4,"2020-11-25 20:14:54","2020TankerNov13"
"44043490",109.436551667,-19.73385,341.7,13.8,"2020-11-25 21:14:58","2020TankerNov13"
"44043490",109.362056667,-19.5172566667,343.2,13.3,"2020-11-25 22:14:58","2020TankerNov13"
"44043490",109.283716667,-19.2882166667,340.9,13.2,"2020-11-25 23:19:48","2020TankerNov13"
"44043490",109.21144,-19.0760633333,340.1,13.6,"2020-11-26 00:19:49","2020TankerNov13"
"44043490",109.133186667,-18.8588933333,341.4,14,"2020-11-26 01:19:56","2020TankerNov13"
"44043490",109.058605,-18.6338966667,342.7,14.1,"2020-11-26 02:19:57","2020TankerNov13"
"44043490",108.976015,-18.3942566667,343.4,13.8,"2020-11-26 03:24:53","2020TankerNov13"
"44043490",108.90183,-18.1753,342.6,13.7,"2020-11-26 04:24:53","2020TankerNov13"
"44043490",108.821218333,-17.9395766667,343.9,13.8,"2020-11-26 05:29:43","2020TankerNov13"
"44043490",108.741468333,-17.7017533333,341.5,13.6,"2020-11-26 06:34:49","2020TankerNov13"
"44043490",108.664583333,-17.482755,342.6,13.8,"2020-11-26 07:34:56","2020TankerNov13"
"44043490",108.586801667,-17.2466716667,343.5,13.8,"2020-11-26 08:39:36","2020TankerNov13"
"44043490",108.512278333,-17.0242816667,342.3,13.8,"2020-11-26 09:39:57","2020TankerNov13"
"44043490",108.429408333,-16.7841533333,341,13.9,"2020-11-26 10:44:59","2020TankerNov13"
"44043490",108.34799,-16.5474566667,342.4,13.6,"2020-11-26 11:49:52","2020TankerNov13"
"44043490",108.271378333,-16.3144616667,341.7,13.9,"2020-11-26 12:53:52","2020TankerNov13"
"44043490",108.18607,-16.05024,342.4,14,"2020-11-26 14:04:52","2020TankerNov13"
"44043490",108.099153333,-15.8047516667,341.3,14.3,"2020-11-26 15:09:52","2020TankerNov13"
"44043490",108.021271667,-15.57855,342.6,13.9,"2020-11-26 16:10:16","2020TankerNov13"
"44043490",107.943328333,-15.339215,342,13.9,"2020-11-26 17:14:25","2020TankerNov13"
"44043490",107.864866667,-15.10957,342.5,14.5,"2020-11-26 18:15:00","2020TankerNov13"
"END",NA,NA,NA,NA,NA,"NA"
"119939446",115.84443,-15.24566,178.4,13,"2020-11-29 12:12:11","2020TankerNov14"
"119939446",115.842406667,-15.5553433333,179.6,12.7,"2020-11-29 13:38:40","2020TankerNov14"
"119939446",115.846535,-15.772695,177.3,12.8,"2020-11-29 14:39:51","2020TankerNov14"
"119939446",115.860043333,-15.99766,176.1,12.7,"2020-11-29 15:43:50","2020TankerNov14"
"119939446",115.874601667,-16.2150416667,177.3,12.7,"2020-11-29 16:44:51","2020TankerNov14"
"119939446",115.881211667,-16.42725,179.2,12.8,"2020-11-29 17:44:51","2020TankerNov14"
"119939446",115.890406667,-16.6581183333,179.8,12.6,"2020-11-29 18:49:52","2020TankerNov14"
"119939446",115.899615,-16.8900866667,179.2,12.8,"2020-11-29 19:54:51","2020TankerNov14"
"119939446",115.90807,-17.1080366667,177.2,13.5,"2020-11-29 20:54:52","2020TankerNov14"
"119939446",115.919871667,-17.35165,177.4,13.4,"2020-11-29 21:59:50","2020TankerNov14"
"119939446",115.934045,-17.5773783333,179.9,13.5,"2020-11-29 22:59:51","2020TankerNov14"
"119939446",115.934211667,-17.8057816667,178.8,13.6,"2020-11-29 23:59:52","2020TankerNov14"
"119939446",115.941463333,-18.0486333333,175.4,13.4,"2020-11-30 01:04:51","2020TankerNov14"
"119939446",115.947913333,-18.285745,176.2,12.7,"2020-11-30 02:09:50","2020TankerNov14"
"119939446",115.9575,-18.5008516667,201.1,11.9,"2020-11-30 03:09:52","2020TankerNov14"
"119939446",115.807615,-18.675165,221.7,12.4,"2020-11-30 04:14:50","2020TankerNov14"
"119939446",115.669568333,-18.8385166667,219.3,12.6,"2020-11-30 05:15:00","2020TankerNov14"
"119939446",115.518265,-19.0160183333,218.1,12.9,"2020-11-30 06:19:50","2020TankerNov14"
"119939446",115.375001667,-19.1843933333,221.4,13,"2020-11-30 07:19:51","2020TankerNov14"
"119939446",115.224353333,-19.36429,218.7,12.5,"2020-11-30 08:24:51","2020TankerNov14"
"119939446",115.07396,-19.543655,219.2,12.6,"2020-11-30 09:29:51","2020TankerNov14"
"119939446",114.933858333,-19.7080983333,220.3,12.6,"2020-11-30 10:29:52","2020TankerNov14"
"119939446",114.80184,-19.8694233333,217.3,12.4,"2020-11-30 11:29:52","2020TankerNov14"
"119939446",114.65489,-20.0439566667,221.5,12.5,"2020-11-30 12:34:51","2020TankerNov14"
"119939446",114.560303333,-20.2224516667,197.5,12.3,"2020-11-30 13:34:52","2020TankerNov14"
"119939446",114.506361667,-20.41966,192.3,11.9,"2020-11-30 14:34:52","2020TankerNov14"
"119939446",114.463036667,-20.63112,189.6,11.1,"2020-11-30 15:39:51","2020TankerNov14"
"119939446",114.423268333,-20.82292,191.4,11.2,"2020-11-30 16:39:52","2020TankerNov14"
"119939446",114.380428333,-21.0263833333,189.2,11.8,"2020-11-30 17:45:00","2020TankerNov14"
"119939446",114.332471667,-21.2352566667,191.3,12.1,"2020-11-30 18:49:49","2020TankerNov14"
"119939446",114.296368333,-21.4102416667,193.6,9.6,"2020-11-30 19:49:52","2020TankerNov14"
"119939446",114.265386667,-21.5494766667,193.7,5.6,"2020-11-30 20:49:52","2020TankerNov14"
"119939446",114.253595,-21.59762,351.6,2.1,"2020-11-30 21:54:50","2020TankerNov14"
"119939446",114.266493333,-21.578745,216.3,9.6,"2020-11-30 22:54:51","2020TankerNov14"
"END",NA,NA,NA,NA,NA,"NA"
"186356373",115.9348,-20.3241333333,283,10.9,"2020-11-05 14:34:50","2020TankerNov15"
"186356373",115.742866667,-20.3017,277,10.8,"2020-11-05 15:34:58","2020TankerNov15"
"186356373",115.536766667,-20.2847,273,10.9,"2020-11-05 16:40:00","2020TankerNov15"
"186356373",115.358816667,-20.3661666667,236,10.7,"2020-11-05 17:44:51","2020TankerNov15"
"186356373",115.2547,-20.51465,206,10.9,"2020-11-05 18:45:00","2020TankerNov15"
"186356373",115.159933333,-20.6911,205,10.8,"2020-11-05 19:49:51","2020TankerNov15"
"186356373",115.06725,-20.8717666667,206,11.2,"2020-11-05 20:54:50","2020TankerNov15"
"186356373",114.970216667,-21.04175,214,11.8,"2020-11-05 21:55:00","2020TankerNov15"
"186356373",114.8415,-21.21665,216,11.5,"2020-11-05 22:59:01","2020TankerNov15"
"186356373",114.6807833335,-21.34655833335,224.5,11.4,"2020-11-06 00:02:51","2020TankerNov15"
"186356373",114.520066667,-21.4764666667,233,11.3,"2020-11-06 01:04:51","2020TankerNov15"
"186356373",114.355116667,-21.5893166667,227,11.3,"2020-11-06 02:05:00","2020TankerNov15"
"186356373",114.237133333,-21.75445,206,8.9,"2020-11-06 03:09:52","2020TankerNov15"
"186356373",114.202783333,-21.8030333333,116,0.1,"2020-11-06 04:12:41","2020TankerNov15"
"186356373",114.2011,-21.8011333333,348,0.5,"2020-11-06 05:14:49","2020TankerNov15"
"END",NA,NA,NA,NA,NA,"NA"
"186356373",114.210783333,-21.7689,14,12.1,"2020-11-06 23:59:59","2020TankerNov16"
"186356373",114.276416667,-21.5700666667,19,12.6,"2020-11-07 00:59:59","2020TankerNov16"
"186356373",114.29145,-21.3422166667,4,12.5,"2020-11-07 02:04:59","2020TankerNov16"
"186356373",114.30415,-21.1096666667,1,13.3,"2020-11-07 03:09:59","2020TankerNov16"
"186356373",114.312633333,-20.8893666667,4,12.9,"2020-11-07 04:09:59","2020TankerNov16"
"186356373",114.3372,-20.6646666667,5,12.2,"2020-11-07 05:14:49","2020TankerNov16"
"186356373",114.359833333,-20.4557166667,6,12.7,"2020-11-07 06:14:49","2020TankerNov16"
"186356373",114.381533333,-20.2498833333,5,12,"2020-11-07 07:15:00","2020TankerNov16"
"186356373",114.4028,-20.03215,5,11.9,"2020-11-07 08:19:59","2020TankerNov16"
"186356373",114.426033333,-19.8363,6,11.7,"2020-11-07 09:19:59","2020TankerNov16"
"186356373",114.44835,-19.6242666667,6,11.3,"2020-11-07 10:25:00","2020TankerNov16"
"186356373",114.471266667,-19.4170166667,7,11.7,"2020-11-07 11:29:59","2020TankerNov16"
"186356373",114.489933333,-19.2214666667,5,11.4,"2020-11-07 12:30:00","2020TankerNov16"
"186356373",114.510033333,-19.0111833333,8,11.7,"2020-11-07 13:34:59","2020TankerNov16"
"186356373",114.53735,-18.7992833333,6,11.7,"2020-11-07 14:39:59","2020TankerNov16"
"186356373",114.564616667,-18.5874666667,5,11.7,"2020-11-07 15:44:50","2020TankerNov16"
"186356373",114.589616667,-18.3758333333,6,11.4,"2020-11-07 16:50:00","2020TankerNov16"
"186356373",114.6157,-18.1692833333,5,11.4,"2020-11-07 17:54:49","2020TankerNov16"
"186356373",114.637083333,-17.9812166667,8,11.1,"2020-11-07 18:54:49","2020TankerNov16"
"186356373",114.66265,-17.79445,5,11.3,"2020-11-07 19:54:59","2020TankerNov16"
"186356373",114.685633333,-17.6065166667,6,11.2,"2020-11-07 20:55:00","2020TankerNov16"
"186356373",114.7085,-17.4015166667,6,11.2,"2020-11-07 21:59:59","2020TankerNov16"
"186356373",114.733966667,-17.2011,8,11.3,"2020-11-07 23:04:58","2020TankerNov16"
"186356373",114.757,-17.0143666667,8,10.9,"2020-11-08 00:05:00","2020TankerNov16"
"186356373",114.781966667,-16.8117166667,5,11.2,"2020-11-08 01:09:59","2020TankerNov16"
"186356373",114.80655,-16.6040666667,7,11.9,"2020-11-08 02:14:50","2020TankerNov16"
"186356373",114.83665,-16.3970166667,7,11.2,"2020-11-08 03:19:49","2020TankerNov16"
"186356373",114.854616667,-16.2091666667,2,11.4,"2020-11-08 04:20:00","2020TankerNov16"
"186356373",114.876183333,-15.9972333333,5,11.7,"2020-11-08 05:24:59","2020TankerNov16"
"186356373",114.902883333,-15.7862333333,7,11.7,"2020-11-08 06:29:59","2020TankerNov16"
"186356373",114.928316667,-15.5888333333,6,11.8,"2020-11-08 07:30:00","2020TankerNov16"
"186356373",114.951166667,-15.3895666667,6,11.8,"2020-11-08 08:30:00","2020TankerNov16"
"END",NA,NA,NA,NA,NA,"NA"
"258476631",115.838325,-35.083165,303.3,13.1,"2020-11-27 04:49:59","2020TankerNov17"
"258476631",115.582206667,-34.9423483333,302.7,14.6,"2020-11-27 05:54:57","2020TankerNov17"
"258476631",115.331385,-34.811995,293.2,14.5,"2020-11-27 06:54:57","2020TankerNov17"
"258476631",115.098575,-34.6819,309.4,14,"2020-11-27 07:54:58","2020TankerNov17"
"258476631",114.885393333,-34.5402333333,302,13,"2020-11-27 08:54:58","2020TankerNov17"
"258476631",114.762466667,-34.3622833333,343.7,13,"2020-11-27 09:54:59","2020TankerNov17"
"258476631",114.691603333,-34.1219783333,357.7,14.5,"2020-11-27 10:59:53","2020TankerNov17"
"258476631",114.668743333,-33.8872716667,354.7,13.4,"2020-11-27 11:59:59","2020TankerNov17"
"258476631",114.632111667,-33.6476883333,353.7,13.3,"2020-11-27 13:04:59","2020TankerNov17"
"258476631",114.5982,-33.4126766667,354.8,12.8,"2020-11-27 14:09:50","2020TankerNov17"
"258476631",114.577283333,-33.19884,353.8,12.9,"2020-11-27 15:09:58","2020TankerNov17"
"258476631",114.598758333,-32.9883083333,27.4,12.9,"2020-11-27 16:09:59","2020TankerNov17"
"258476631",114.719755,-32.78145,26.3,12.4,"2020-11-27 17:14:49","2020TankerNov17"
"258476631",114.80329,-32.63745916665,25.85,12.35,"2020-11-27 18:02:21","2020TankerNov17"
"258476631",114.886825,-32.4934683333,25.4,12.3,"2020-11-27 18:49:21","2020TankerNov17"
"258476631",115.006635,-32.2897433333,27.1,11.7,"2020-11-27 19:57:18","2020TankerNov17"
"258476631",115.115183333,-32.0954216667,28.2,12.6,"2020-11-27 20:59:58","2020TankerNov17"
"258476631",115.270268333,-31.9236866667,66.7,12.7,"2020-11-27 22:04:51","2020TankerNov17"
"258476631",115.50699,-31.8829616667,84.8,10.5,"2020-11-27 23:04:59","2020TankerNov17"
"258476631",115.567853333,-31.8701216667,93.6,4.3,"2020-11-28 00:09:50","2020TankerNov17"
"258476631",115.649193333,-31.8853266667,359.9,1.1,"2020-11-28 01:10:00","2020TankerNov17"
"258476631",115.651048333,-31.8843683333,226.8,0.6,"2020-11-28 02:14:55","2020TankerNov17"
"258476631",115.651516667,-31.8846183333,264.8,0.2,"2020-11-28 03:17:55","2020TankerNov17"
"258476631",115.651625,-31.8846633333,254.7,0.4,"2020-11-28 04:17:57","2020TankerNov17"
"END",NA,NA,NA,NA,NA,"NA"
"380447464",115.9662,-17.226925,235.5,19.9,"2020-11-28 13:39:59","2020TankerNov18"
"380447464",115.681738333,-17.4169866667,235.5,19.6,"2020-11-28 14:39:59","2020TankerNov18"
"380447464",115.3987,-17.6054933333,234.5,19.4,"2020-11-28 15:40:00","2020TankerNov18"
"380447464",115.094486667,-17.8082316667,233.7,19.8,"2020-11-28 16:44:35","2020TankerNov18"
"380447464",114.837906667,-17.9793683333,234.9,11.2,"2020-11-28 17:44:57","2020TankerNov18"
"380447464",114.673653333,-18.0905783333,234.9,11.6,"2020-11-28 18:44:58","2020TankerNov18"
"380447464",114.493486667,-18.2094,235.5,11.8,"2020-11-28 19:49:57","2020TankerNov18"
"380447464",114.323875,-18.3204766667,236.4,11.6,"2020-11-28 20:49:58","2020TankerNov18"
"380447464",114.153548333,-18.4293533333,236.4,11.4,"2020-11-28 21:49:58","2020TankerNov18"
"380447464",113.974706667,-18.546065,235.1,11.3,"2020-11-28 22:54:58","2020TankerNov18"
"380447464",113.81186,-18.6579483333,234.4,11.6,"2020-11-28 23:54:58","2020TankerNov18"
"380447464",113.648243333,-18.7724366667,233.6,11.5,"2020-11-29 00:54:58","2020TankerNov18"
"380447464",113.484256667,-18.8816216667,234.8,10.8,"2020-11-29 01:54:59","2020TankerNov18"
"380447464",113.312018333,-18.994785,236,10.1,"2020-11-29 02:59:58","2020TankerNov18"
"380447464",113.163705,-19.095435,236.9,10.3,"2020-11-29 03:59:58","2020TankerNov18"
"380447464",113.012406667,-19.1931283333,236,10.3,"2020-11-29 04:59:58","2020TankerNov18"
"380447464",112.848798333,-19.3012483333,234.5,12.6,"2020-11-29 05:59:58","2020TankerNov18"
"380447464",112.667978333,-19.4231583333,236.1,12.6,"2020-11-29 06:59:58","2020TankerNov18"
"380447464",112.469221667,-19.552565,236.5,12.7,"2020-11-29 08:04:59","2020TankerNov18"
"380447464",112.27349,-19.6790833333,236.4,12.4,"2020-11-29 09:09:58","2020TankerNov18"
"380447464",112.07732,-19.802925,238,12.4,"2020-11-29 10:14:58","2020TankerNov18"
"380447464",111.896885,-19.9190883333,235.7,11.9,"2020-11-29 11:14:58","2020TankerNov18"
"380447464",111.722073333,-20.0338383333,233.2,11.6,"2020-11-29 12:14:58","2020TankerNov18"
"380447464",111.542943333,-20.1587533333,234,11.8,"2020-11-29 13:19:56","2020TankerNov18"
"380447464",111.451375,-20.233025,195.3,7,"2020-11-29 14:19:57","2020TankerNov18"
"380447464",111.284541667,-20.3379883333,238.6,10.4,"2020-11-29 15:24:58","2020TankerNov18"
"380447464",111.11823,-20.4418866667,234.7,10.5,"2020-11-29 16:29:56","2020TankerNov18"
"380447464",110.994741667,-20.522115,231.6,9.3,"2020-11-29 17:29:57","2020TankerNov18"
"380447464",110.828221667,-20.6321766667,234.4,10.6,"2020-11-29 18:34:47","2020TankerNov18"
"380447464",110.712683333,-20.7116183333,236.6,9.4,"2020-11-29 19:34:57","2020TankerNov18"
"380447464",110.564743333,-20.8046483333,238.2,10.2,"2020-11-29 20:34:58","2020TankerNov18"
"380447464",110.405568333,-20.9064316667,235.7,9.8,"2020-11-29 21:39:47","2020TankerNov18"
"380447464",110.262526667,-20.995985,235.8,9.4,"2020-11-29 22:39:57","2020TankerNov18"
"380447464",110.119518333,-21.0885383333,233.4,9.3,"2020-11-29 23:43:36","2020TankerNov18"
"380447464",109.938291667,-21.1576466667,241.5,9.7,"2020-11-30 00:51:38","2020TankerNov18"
"380447464",109.780883333,-21.27103,231.6,10.5,"2020-11-30 01:59:28","2020TankerNov18"
"380447464",109.583991667,-21.40685,235.4,17,"2020-11-30 02:59:53","2020TankerNov18"
"380447464",109.276696667,-21.586575,240.4,19.3,"2020-11-30 04:04:59","2020TankerNov18"
"380447464",108.962205,-21.7581733333,237.9,19.2,"2020-11-30 05:08:29","2020TankerNov18"
"380447464",108.530315,-21.99951,238.3,19.7,"2020-11-30 06:34:47","2020TankerNov18"
"380447464",108.206901667,-22.1783583333,237.6,20.2,"2020-11-30 07:37:34","2020TankerNov18"
"380447464",107.874775,-22.3689483333,238.1,20.2,"2020-11-30 08:41:53","2020TankerNov18"
"380447464",107.510266667,-22.57712,238.7,20.3,"2020-11-30 09:51:59","2020TankerNov18"
"380447464",107.186726667,-22.753065,239.3,20.1,"2020-11-30 10:53:59","2020TankerNov18"
"380447464",106.760586667,-22.98209,242.1,20.3,"2020-11-30 12:15:35","2020TankerNov18"
"380447464",106.397275,-23.1627866667,242.6,19.9,"2020-11-30 13:23:59","2020TankerNov18"
"380447464",106.036266667,-23.353355,240.8,20,"2020-11-30 14:32:58","2020TankerNov18"
"380447464",105.617673333,-23.5729683333,240.7,19.8,"2020-11-30 15:52:35","2020TankerNov18"
"END",NA,NA,NA,NA,NA,"NA"
"466398038",114.349218333,-15.167345,190.4,12,"2020-11-11 19:24:53","2020TankerNov19"
"466398038",114.306765,-15.3636683333,191.8,11.9,"2020-11-11 20:24:54","2020TankerNov19"
"466398038",114.261703333,-15.5615816667,194.2,11.7,"2020-11-11 21:24:54","2020TankerNov19"
"466398038",114.229423333,-15.7719316667,185.5,11.7,"2020-11-11 22:29:53","2020TankerNov19"
"466398038",114.192865,-15.95793,194,11.1,"2020-11-11 23:29:54","2020TankerNov19"
"466398038",114.14596,-16.1463116667,194.7,10.9,"2020-11-12 00:34:43","2020TankerNov19"
"466398038",114.098641667,-16.3272933333,188.2,11.2,"2020-11-12 01:34:44","2020TankerNov19"
"466398038",114.066775,-16.52831,192.1,11.1,"2020-11-12 02:39:43","2020TankerNov19"
"466398038",114.0249,-16.7117566667,192.9,11.3,"2020-11-12 03:39:53","2020TankerNov19"
"466398038",113.981271667,-16.9087666667,190.8,11.2,"2020-11-12 04:44:53","2020TankerNov19"
"466398038",113.942105,-17.0877883333,192.2,10.7,"2020-11-12 05:44:54","2020TankerNov19"
"466398038",113.902701667,-17.2634983333,193.9,10.6,"2020-11-12 06:44:54","2020TankerNov19"
"466398038",113.86384,-17.45614,191.9,10.8,"2020-11-12 07:49:34","2020TankerNov19"
"466398038",113.82131,-17.6366183333,188.4,11.3,"2020-11-12 08:49:55","2020TankerNov19"
"466398038",113.78511,-17.8390983333,192,11.4,"2020-11-12 09:54:54","2020TankerNov19"
"466398038",113.73818,-18.0438033333,193.4,11.2,"2020-11-12 10:59:43","2020TankerNov19"
"466398038",113.698311667,-18.2298466667,192.2,11.6,"2020-11-12 11:59:54","2020TankerNov19"
"466398038",113.65478,-18.42142,192.2,11.3,"2020-11-12 12:59:55","2020TankerNov19"
"466398038",113.615385,-18.62811,190.4,11.8,"2020-11-12 14:04:55","2020TankerNov19"
"466398038",113.570036667,-18.8376233333,190.9,11.8,"2020-11-12 15:09:54","2020TankerNov19"
"466398038",113.52926,-19.0326516667,193.7,11.7,"2020-11-12 16:09:54","2020TankerNov19"
"466398038",113.48774,-19.22695,191.1,11.9,"2020-11-12 17:09:54","2020TankerNov19"
"466398038",113.442886667,-19.431705,190.4,11.3,"2020-11-12 18:13:34","2020TankerNov19"
"466398038",113.402206667,-19.6273583333,192.3,11.7,"2020-11-12 19:14:53","2020TankerNov19"
"466398038",113.36173,-19.8226616667,189.5,11.7,"2020-11-12 20:14:54","2020TankerNov19"
"466398038",113.31592,-20.0153383333,193.2,11.9,"2020-11-12 21:14:54","2020TankerNov19"
"466398038",113.26935,-20.23023,191.5,12.2,"2020-11-12 22:19:54","2020TankerNov19"
"466398038",113.221018333,-20.4504116667,192.1,12.5,"2020-11-12 23:24:53","2020TankerNov19"
"466398038",113.1765,-20.65181,192.6,12.4,"2020-11-13 00:24:55","2020TankerNov19"
"466398038",113.129796667,-20.87392,191.3,12.6,"2020-11-13 01:29:54","2020TankerNov19"
"466398038",113.086513333,-21.0823783333,190.3,12.6,"2020-11-13 02:29:54","2020TankerNov19"
"466398038",113.04116,-21.2857883333,191.8,12.3,"2020-11-13 03:29:55","2020TankerNov19"
"466398038",112.98799,-21.5062316667,190,12.3,"2020-11-13 04:34:53","2020TankerNov19"
"466398038",112.95099,-21.7298016667,193.9,12.4,"2020-11-13 05:39:53","2020TankerNov19"
"466398038",112.885921667,-21.98504,189.6,12.5,"2020-11-13 06:54:54","2020TankerNov19"
"466398038",112.847226667,-22.186065,190.5,11.9,"2020-11-13 07:54:54","2020TankerNov19"
"466398038",112.798326667,-22.3966133333,192,11.7,"2020-11-13 08:59:52","2020TankerNov19"
"466398038",112.757308333,-22.588105,190.4,11.7,"2020-11-13 09:59:54","2020TankerNov19"
"466398038",112.71711,-22.7981383333,191.6,11.8,"2020-11-13 11:04:52","2020TankerNov19"
"466398038",112.668573333,-22.9922233333,193.5,12,"2020-11-13 12:04:54","2020TankerNov19"
"466398038",112.620486667,-23.2070833333,190.3,12.1,"2020-11-13 13:09:42","2020TankerNov19"
"466398038",112.575388333,-23.4092216667,190.9,12.4,"2020-11-13 14:09:53","2020TankerNov19"
"466398038",112.526243333,-23.6323983333,192.5,12.5,"2020-11-13 15:14:53","2020TankerNov19"
"466398038",112.477526667,-23.8533033333,192,12.3,"2020-11-13 16:19:03","2020TankerNov19"
"466398038",112.425485,-24.05771,196.1,12.4,"2020-11-13 17:19:52","2020TankerNov19"
"466398038",112.379555,-24.257355,191.1,11.9,"2020-11-13 18:19:52","2020TankerNov19"
"466398038",112.341718333,-24.46984,191.7,11.8,"2020-11-13 19:24:23","2020TankerNov19"
"466398038",112.29782,-24.6676266667,191.9,12.1,"2020-11-13 20:25:42","2020TankerNov19"
"466398038",112.258403333,-24.87789,192.1,11.8,"2020-11-13 21:29:24","2020TankerNov19"
"466398038",112.197901667,-25.0869966667,197.9,11.7,"2020-11-13 22:35:35","2020TankerNov19"
"466398038",112.134695,-25.36723,192.6,12,"2020-11-14 00:01:34","2020TankerNov19"
"466398038",112.092533333,-25.595945,189.8,12.1,"2020-11-14 01:10:25","2020TankerNov19"
"466398038",112.045445,-25.8212333333,193.2,12,"2020-11-14 02:18:24","2020TankerNov19"
"466398038",112.008083333,-26.0273283333,159.5,11.6,"2020-11-14 03:25:05","2020TankerNov19"
"466398038",112.105021667,-26.248305,164.2,12.2,"2020-11-14 04:35:15","2020TankerNov19"
"466398038",112.182475,-26.4580383333,158.8,12,"2020-11-14 05:41:04","2020TankerNov19"
"466398038",112.297628333,-26.732885,160.5,12.7,"2020-11-14 07:04:03","2020TankerNov19"
"466398038",112.393161667,-26.9818483333,159.2,12.9,"2020-11-14 08:18:13","2020TankerNov19"
"466398038",112.476536667,-27.19816,158.8,12.5,"2020-11-14 09:21:55","2020TankerNov19"
"466398038",112.573431667,-27.435855,159.5,12.5,"2020-11-14 10:32:45","2020TankerNov19"
"466398038",112.673416667,-27.690345,157.7,12.2,"2020-11-14 11:50:03","2020TankerNov19"
"466398038",112.780061667,-27.92664,158.7,12.5,"2020-11-14 13:04:04","2020TankerNov19"
"466398038",112.870673333,-28.1419766667,158.3,12,"2020-11-14 14:13:34","2020TankerNov19"
"466398038",112.954525,-28.352225,158.1,11.8,"2020-11-14 15:22:03","2020TankerNov19"
"466398038",113.043751667,-28.5672783333,159.2,11.6,"2020-11-14 16:32:54","2020TankerNov19"
"466398038",113.132246667,-28.7842883333,159.6,11.2,"2020-11-14 17:44:14","2020TankerNov19"
"466398038",113.2157,-28.9869183333,157.7,10.9,"2020-11-14 18:54:25","2020TankerNov19"
"466398038",113.294406667,-29.173395,159.5,11.4,"2020-11-14 19:58:13","2020TankerNov19"
"466398038",113.376111667,-29.361855,162.6,10.9,"2020-11-14 21:03:45","2020TankerNov19"
"466398038",113.454098333,-29.5734516667,165.8,10.7,"2020-11-14 22:15:52","2020TankerNov19"
"466398038",113.554935,-29.8137383333,156.7,12,"2020-11-14 23:36:44","2020TankerNov19"
"466398038",113.654241667,-30.036625,154.8,12.3,"2020-11-15 00:46:05","2020TankerNov19"
"466398038",113.753121667,-30.2683283333,159.6,12.8,"2020-11-15 01:55:55","2020TankerNov19"
"466398038",113.868828333,-30.5013233333,155.6,13.3,"2020-11-15 03:05:44","2020TankerNov19"
"466398038",114.050358333,-30.6662666667,132,12.6,"2020-11-15 04:09:05","2020TankerNov19"
"466398038",114.302375,-30.8685066667,136.3,12.7,"2020-11-15 05:33:33","2020TankerNov19"
"466398038",114.513098333,-31.048445,137.4,12.8,"2020-11-15 06:46:24","2020TankerNov19"
"466398038",114.694853333,-31.2025083333,129.5,11.6,"2020-11-15 07:49:54","2020TankerNov19"
"466398038",114.884696667,-31.3419,128.7,12.4,"2020-11-15 08:54:53","2020TankerNov19"
"466398038",115.068571667,-31.5020333333,132.5,12.1,"2020-11-15 09:59:53","2020TankerNov19"
"466398038",115.262435,-31.6552466667,134.3,12.6,"2020-11-15 11:04:54","2020TankerNov19"
"466398038",115.439228333,-31.798805,131.3,12.4,"2020-11-15 12:04:54","2020TankerNov19"
"466398038",115.621086667,-31.9050383333,107,5.3,"2020-11-15 13:04:54","2020TankerNov19"
"466398038",115.669006667,-31.90944,67.5,0.3,"2020-11-15 14:09:49","2020TankerNov19"
"466398038",115.669505,-31.90954,234.9,0.3,"2020-11-15 15:09:49","2020TankerNov19"
"466398038",115.669505,-31.9093966667,297.7,0.1,"2020-11-15 16:09:49","2020TankerNov19"
"466398038",115.669456667,-31.9094583333,353.7,0.2,"2020-11-15 17:09:49","2020TankerNov19"
"END",NA,NA,NA,NA,NA,"NA"
"466398038",115.725903333,-32.201235,344.1,11.4,"2020-11-27 09:14:57","2020TankerNov20"
"466398038",115.693141667,-31.9890683333,359.2,10.9,"2020-11-27 10:19:57","2020TankerNov20"
"466398038",115.505533333,-31.9389016667,258.2,12.1,"2020-11-27 11:19:57","2020TankerNov20"
"466398038",115.307523333,-32.0221183333,214.7,11.8,"2020-11-27 12:22:16","2020TankerNov20"
"466398038",115.184248333,-32.2147966667,204.8,12.6,"2020-11-27 13:27:37","2020TankerNov20"
"466398038",115.074641667,-32.4208,203,12.5,"2020-11-27 14:33:07","2020TankerNov20"
"466398038",114.960235,-32.6398266667,203.4,12.5,"2020-11-27 15:41:57","2020TankerNov20"
"466398038",114.859155,-32.8371183333,201.7,12.3,"2020-11-27 16:44:57","2020TankerNov20"
"466398038",114.752838333,-33.03728,203.7,11.8,"2020-11-27 17:49:55","2020TankerNov20"
"466398038",114.65954,-33.2194033333,201.9,11.8,"2020-11-27 18:49:55","2020TankerNov20"
"466398038",114.596423333,-33.4078866667,188.1,11.8,"2020-11-27 19:49:57","2020TankerNov20"
"466398038",114.579613333,-33.6044166667,180.9,11.9,"2020-11-27 20:49:57","2020TankerNov20"
"466398038",114.585275,-33.8072816667,180.7,11.1,"2020-11-27 21:54:56","2020TankerNov20"
"466398038",114.585013333,-33.992875,178.6,11.5,"2020-11-27 22:54:56","2020TankerNov20"
"466398038",114.642711667,-34.1850366667,163.8,12.3,"2020-11-27 23:54:57","2020TankerNov20"
"466398038",114.71797,-34.400195,164.9,12.5,"2020-11-28 00:59:57","2020TankerNov20"
"466398038",114.872321667,-34.5823866667,125.8,13.6,"2020-11-28 02:04:56","2020TankerNov20"
"466398038",115.105735,-34.72158,125.3,12.9,"2020-11-28 03:09:56","2020TankerNov20"
"466398038",115.32119,-34.8411933333,126,12.6,"2020-11-28 04:09:56","2020TankerNov20"
"466398038",115.53236,-34.9691083333,124.1,12.7,"2020-11-28 05:09:56","2020TankerNov20"
"466398038",115.767668333,-35.10158,124.4,13,"2020-11-28 06:14:56","2020TankerNov20"
"END",NA,NA,NA,NA,NA,"NA"
"601094193",107.957753333,-15.1045033333,159.7,11.8,"2020-11-16 07:29:02","2020TankerNov21"
"601094193",108.025673333,-15.2913916667,160.3,11.5,"2020-11-16 08:29:52","2020TankerNov21"
"601094193",108.105126667,-15.4882083333,160.8,11.6,"2020-11-16 09:34:52","2020TankerNov21"
"601094193",108.174973333,-15.6720133333,161.7,11.5,"2020-11-16 10:34:52","2020TankerNov21"
"601094193",108.251253333,-15.8659366667,156.5,11.2,"2020-11-16 11:39:53","2020TankerNov21"
"601094193",108.320626667,-16.0557083333,162.8,11.2,"2020-11-16 12:44:53","2020TankerNov21"
"601094193",108.384266667,-16.24769,163.1,11.7,"2020-11-16 13:49:54","2020TankerNov21"
"601094193",108.43838,-16.4395533333,161.8,12,"2020-11-16 14:49:54","2020TankerNov21"
"601094193",108.5072,-16.6525083333,158.8,12.3,"2020-11-16 15:54:04","2020TankerNov21"
"601094193",108.583273333,-16.854595,161,12.6,"2020-11-16 16:54:52","2020TankerNov21"
"601094193",108.65474,-17.055935,165,12.7,"2020-11-16 17:54:52","2020TankerNov21"
"601094193",108.73324,-17.2725366667,161.8,12.3,"2020-11-16 18:59:52","2020TankerNov21"
"601094193",108.807553333,-17.4745716667,163.1,12.7,"2020-11-16 19:59:54","2020TankerNov21"
"601094193",108.88342,-17.694115,159.3,12.5,"2020-11-16 21:04:43","2020TankerNov21"
"601094193",108.958566667,-17.89916,161.5,12.7,"2020-11-16 22:04:54","2020TankerNov21"
"601094193",109.04188,-18.1211533333,158.8,12.7,"2020-11-16 23:09:54","2020TankerNov21"
"601094193",109.1236,-18.3374033333,163.2,13,"2020-11-17 00:14:54","2020TankerNov21"
"601094193",109.204513333,-18.55443,162.6,12.95,"2020-11-17 01:19:53","2020TankerNov21"
"601094193",109.282293333,-18.7583416667,162,12.9,"2020-11-17 02:20:00","2020TankerNov21"
"601094193",109.362973333,-18.9775866667,172.1,12.6,"2020-11-17 03:24:58","2020TankerNov21"
"601094193",109.4308,-19.1806083333,159.6,13,"2020-11-17 04:24:58","2020TankerNov21"
"601094193",109.516146667,-19.4047983333,158.3,13,"2020-11-17 05:29:58","2020TankerNov21"
"601094193",109.600686667,-19.63001,156.8,13.2,"2020-11-17 06:34:57","2020TankerNov21"
"601094193",109.678646667,-19.8393666667,160.7,13.5,"2020-11-17 07:34:59","2020TankerNov21"
"601094193",109.768006667,-20.06184,163.6,13,"2020-11-17 08:39:59","2020TankerNov21"
"601094193",109.849153333,-20.2810833333,161.85,12.8,"2020-11-17 09:44:57","2020TankerNov21"
"601094193",109.920446667,-20.4814033333,160.1,12.6,"2020-11-17 10:44:58","2020TankerNov21"
"601094193",109.99826,-20.6755116667,156.7,12.3,"2020-11-17 11:44:58","2020TankerNov21"
"601094193",110.076693333,-20.8719533333,159,12.3,"2020-11-17 12:44:58","2020TankerNov21"
"601094193",110.1529,-21.0845716667,165.7,12.3,"2020-11-17 13:49:47","2020TankerNov21"
"601094193",110.228586667,-21.286125,159.8,12.9,"2020-11-17 14:49:58","2020TankerNov21"
"601094193",110.307553333,-21.488925,160.2,13.1,"2020-11-17 15:49:59","2020TankerNov21"
"601094193",110.39554,-21.715585,162.1,13.3,"2020-11-17 16:54:58","2020TankerNov21"
"601094193",110.476173333,-21.9279783333,159.3,13.3,"2020-11-17 17:54:59","2020TankerNov21"
"601094193",110.562713333,-22.15669,160.6,13.6,"2020-11-17 18:59:39","2020TankerNov21"
"601094193",110.646813333,-22.372575,162.5,13.9,"2020-11-17 19:59:57","2020TankerNov21"
"601094193",110.730533333,-22.591025,162.2,13.9,"2020-11-17 20:59:59","2020TankerNov21"
"601094193",110.818966667,-22.8262866667,161.3,13.4,"2020-11-17 22:04:57","2020TankerNov21"
"601094193",110.903,-23.03374,158.8,13.2,"2020-11-17 23:04:57","2020TankerNov21"
"601094193",110.994453333,-23.23715,155.3,13.2,"2020-11-18 00:04:58","2020TankerNov21"
"601094193",111.087,-23.4373216667,155.1,13.2,"2020-11-18 01:04:58","2020TankerNov21"
"601094193",111.192173333,-23.6601283333,162.6,13.2,"2020-11-18 02:11:27","2020TankerNov21"
"601094193",111.274106667,-23.8811116667,163.8,13.3,"2020-11-18 03:14:57","2020TankerNov21"
"601094193",111.357686667,-24.1100066667,161.3,13.55,"2020-11-18 04:19:57","2020TankerNov21"
"601094193",111.448686667,-24.3386766667,158.8,13.8,"2020-11-18 05:24:56","2020TankerNov21"
"601094193",111.535893333,-24.5778116667,161,14.1,"2020-11-18 06:29:13","2020TankerNov21"
"601094193",111.595006667,-24.81027,167.7,14,"2020-11-18 07:29:55","2020TankerNov21"
"601094193",111.672206667,-25.0289966667,158.6,13.6,"2020-11-18 08:29:56","2020TankerNov21"
"601094193",111.770933333,-25.25888,157,13.4,"2020-11-18 09:34:56","2020TankerNov21"
"601094193",111.88216,-25.4802216667,153.5,13.4,"2020-11-18 10:39:55","2020TankerNov21"
"601094193",111.96608,-25.689015,156,13.5,"2020-11-18 11:39:56","2020TankerNov21"
"601094193",112.072453333,-25.9049533333,155.8,13.8,"2020-11-18 12:42:46","2020TankerNov21"
"601094193",112.16548,-26.1202566667,157.3,13.4,"2020-11-18 13:44:54","2020TankerNov21"
"601094193",112.2676,-26.3473716667,159.2,13.5,"2020-11-18 14:49:54","2020TankerNov21"
"601094193",112.33696,-26.5647866667,171.8,13.3,"2020-11-18 15:49:54","2020TankerNov21"
"601094193",112.40008,-26.7752933333,160.1,12.7,"2020-11-18 16:49:54","2020TankerNov21"
"601094193",112.51464,-26.9938566667,153.3,13.2,"2020-11-18 17:54:56","2020TankerNov21"
"601094193",112.610746667,-27.22118,159.6,13.3,"2020-11-18 18:59:54","2020TankerNov21"
"601094193",112.70752,-27.4506516667,154.7,13.4,"2020-11-18 20:04:44","2020TankerNov21"
"601094193",112.76012,-27.6773966667,166.3,12.7,"2020-11-18 21:09:55","2020TankerNov21"
"601094193",112.85028,-27.913595,152.3,13.1,"2020-11-18 22:18:43","2020TankerNov21"
"601094193",112.863346667,-28.13089,177.8,13.1,"2020-11-18 23:19:24","2020TankerNov21"
"601094193",112.88028,-28.3667933333,175.7,12.8,"2020-11-19 00:24:44","2020TankerNov21"
"601094193",112.892933333,-28.57726,179.1,12.1,"2020-11-19 01:24:45","2020TankerNov21"
"601094193",112.896106667,-28.8255733333,176.7,11.8,"2020-11-19 02:39:14","2020TankerNov21"
"601094193",112.892546667,-29.0871766667,184.1,12.5,"2020-11-19 03:56:53","2020TankerNov21"
"601094193",112.986466667,-29.2778133333,144.1,13.2,"2020-11-19 04:57:46","2020TankerNov21"
"601094193",113.213306667,-29.53991,144.6,13.1,"2020-11-19 06:27:05","2020TankerNov21"
"601094193",113.354613333,-29.7398333333,154.2,12.5,"2020-11-19 07:32:54","2020TankerNov21"
"601094193",113.457746667,-29.9570333333,157.3,13.2,"2020-11-19 08:39:04","2020TankerNov21"
"601094193",113.701373333,-29.9884433333,92.4,12,"2020-11-19 09:44:24","2020TankerNov21"
"601094193",113.89724,-30.1573233333,162.1,13,"2020-11-19 10:59:15","2020TankerNov21"
"601094193",113.967293333,-30.382,153.6,13.5,"2020-11-19 12:03:24","2020TankerNov21"
"601094193",114.112746667,-30.6069066667,147.2,14.1,"2020-11-19 13:09:28","2020TankerNov21"
"601094193",114.276266667,-30.81851,149.1,13.5,"2020-11-19 14:14:48","2020TankerNov21"
"601094193",114.408093333,-31.00933,150.1,13,"2020-11-19 15:14:58","2020TankerNov21"
"601094193",114.58568,-31.19152,137,13.3,"2020-11-19 16:19:59","2020TankerNov21"
"601094193",114.770053333,-31.37227,142,13.1,"2020-11-19 17:24:48","2020TankerNov21"
"601094193",114.93584,-31.5386533333,142.1,13.1,"2020-11-19 18:24:59","2020TankerNov21"
"601094193",115.12852,-31.71324,123.1,13.7,"2020-11-19 19:29:58","2020TankerNov21"
"601094193",115.357626667,-31.8187133333,110.5,13,"2020-11-19 20:30:00","2020TankerNov21"
"601094193",115.58648,-31.9093233333,117.6,5.6,"2020-11-19 21:34:59","2020TankerNov21"
"601094193",115.693746667,-32.0052266667,175.7,9.1,"2020-11-19 22:34:59","2020TankerNov21"
"601094193",115.675933333,-32.0147066667,69.1,0.2,"2020-11-19 23:35:00","2020TankerNov21"
"601094193",115.675213333,-32.0146933333,185.8,0.3,"2020-11-20 00:37:47","2020TankerNov21"
"601094193",115.677106667,-32.01572,138,0.3,"2020-11-20 01:43:47","2020TankerNov21"
"601094193",115.676826667,-32.01526,79,0.2,"2020-11-20 02:43:48","2020TankerNov21"
"END",NA,NA,NA,NA,NA,"NA"
"601094193",115.693573333,-32.0884566667,349.2,11.6,"2020-11-22 11:09:53","2020TankerNov22"
"601094193",115.621026667,-31.92881,303.4,11.8,"2020-11-22 12:09:54","2020TankerNov22"
"601094193",115.433906667,-31.8081666667,307.2,12.2,"2020-11-22 13:09:54","2020TankerNov22"
"601094193",115.24112,-31.6770266667,311.2,12.7,"2020-11-22 14:09:54","2020TankerNov22"
"601094193",115.049893333,-31.5160066667,323.2,12.8,"2020-11-22 15:14:53","2020TankerNov22"
"601094193",114.896013333,-31.35164,319,12.3,"2020-11-22 16:14:53","2020TankerNov22"
"601094193",114.735746667,-31.1988666667,313.9,11.8,"2020-11-22 17:14:54","2020TankerNov22"
"601094193",114.58064,-31.05192,330.7,11.8,"2020-11-22 18:14:54","2020TankerNov22"
"601094193",114.447573333,-30.86854,328.7,12.2,"2020-11-22 19:19:54","2020TankerNov22"
"601094193",114.33184,-30.6879533333,333.2,12.7,"2020-11-22 20:19:54","2020TankerNov22"
"601094193",114.222306667,-30.4774266667,343.4,12.9,"2020-11-22 21:24:53","2020TankerNov22"
"601094193",114.139906667,-30.2739133333,341.2,12.7,"2020-11-22 22:24:53","2020TankerNov22"
"601094193",114.049333333,-30.0555666667,338.1,12.3,"2020-11-22 23:29:52","2020TankerNov22"
"601094193",113.973906667,-29.8577733333,346.5,12.1,"2020-11-23 00:29:53","2020TankerNov22"
"601094193",113.917627,-29.66826,342,11.2,"2020-11-23 01:31:12","2020TankerNov22"
"601094193",113.85384,-29.48622,341.7,10.7,"2020-11-23 02:34:53","2020TankerNov22"
"601094193",113.78856,-29.3147333333,345,10.8,"2020-11-23 03:34:53","2020TankerNov22"
"601094193",113.693453333,-29.0832533333,339.5,11,"2020-11-23 04:55:25","2020TankerNov22"
"601094193",113.61788,-28.8980866667,340.9,11,"2020-11-23 05:59:53","2020TankerNov22"
"601094193",113.532506667,-28.7143833333,339.1,11.1,"2020-11-23 07:04:54","2020TankerNov22"
"601094193",113.44196,-28.5157466667,337,12.2,"2020-11-23 08:09:53","2020TankerNov22"
"601094193",113.372973333,-28.3228066667,344.5,12.1,"2020-11-23 09:09:54","2020TankerNov22"
"601094193",113.292546667,-28.1103066667,339.7,12.6,"2020-11-23 10:14:53","2020TankerNov22"
"601094193",113.21996,-27.9233533333,344.2,11.2,"2020-11-23 11:14:53","2020TankerNov22"
"601094193",113.159946667,-27.7382,342,12.1,"2020-11-23 12:14:54","2020TankerNov22"
"601094193",113.08556,-27.5251383333,340.9,12.6,"2020-11-23 13:19:52","2020TankerNov22"
"601094193",113.023386667,-27.3299766667,347.9,12.1,"2020-11-23 14:19:53","2020TankerNov22"
"601094193",112.9708,-27.1327933333,345.7,12.1,"2020-11-23 15:19:54","2020TankerNov22"
"601094193",112.9132,-26.936015,341.6,12.1,"2020-11-23 16:19:54","2020TankerNov22"
"601094193",112.82284,-26.7338183333,335,11.7,"2020-11-23 17:24:53","2020TankerNov22"
"601094193",112.733746667,-26.557415,330.7,11.3,"2020-11-23 18:24:54","2020TankerNov22"
"601094193",112.647493333,-26.3783866667,332.7,11.8,"2020-11-23 19:24:54","2020TankerNov22"
"601094193",112.56896,-26.1945233333,341.5,11.7,"2020-11-23 20:24:54","2020TankerNov22"
"601094193",112.490226667,-25.9942716667,342.4,11.7,"2020-11-23 21:29:53","2020TankerNov22"
"601094193",112.413946667,-25.8117716667,339.2,11.6,"2020-11-23 22:29:53","2020TankerNov22"
"601094193",112.358186667,-25.60702,355.7,12,"2020-11-23 23:34:52","2020TankerNov22"
"601094193",112.36512,-25.386435,12.3,12.9,"2020-11-24 00:39:52","2020TankerNov22"
"601094193",112.40972,-25.157195,11,12.7,"2020-11-24 01:44:54","2020TankerNov22"
"601094193",112.453693333,-24.93154,11.6,12.6,"2020-11-24 02:49:54","2020TankerNov22"
"601094193",112.50292,-24.704815,11,12.9,"2020-11-24 03:54:54","2020TankerNov22"
"601094193",112.532733333,-24.4901616667,7.3,12.7,"2020-11-24 04:54:54","2020TankerNov22"
"601094193",112.57004,-24.263985,10.7,12.5,"2020-11-24 05:59:53","2020TankerNov22"
"601094193",112.618586667,-24.0465333333,14.1,12.3,"2020-11-24 07:04:52","2020TankerNov22"
"601094193",112.660253333,-23.8460166667,11.1,12.1,"2020-11-24 08:04:53","2020TankerNov22"
"601094193",112.711026667,-23.6282883333,10.1,12.6,"2020-11-24 09:09:23","2020TankerNov22"
"601094193",112.759786667,-23.4180016667,12.8,12.9,"2020-11-24 10:09:43","2020TankerNov22"
"601094193",112.810853333,-23.203845,12,13.2,"2020-11-24 11:09:53","2020TankerNov22"
"601094193",112.860813333,-22.9859666667,10.3,13.4,"2020-11-24 12:09:54","2020TankerNov22"
"601094193",112.90672,-22.7648483333,10.6,13.2,"2020-11-24 13:09:54","2020TankerNov22"
"601094193",112.950866667,-22.5455616667,11.2,13.4,"2020-11-24 14:09:54","2020TankerNov22"
"601094193",112.9974,-22.3142133333,10.2,12.9,"2020-11-24 15:14:54","2020TankerNov22"
"601094193",113.041586667,-22.0812866667,11.2,12.9,"2020-11-24 16:19:54","2020TankerNov22"
"601094193",113.084266667,-21.8515466667,11.6,12.5,"2020-11-24 17:24:54","2020TankerNov22"
"601094193",113.128666667,-21.6446583333,12.7,12.6,"2020-11-24 18:24:54","2020TankerNov22"
"601094193",113.174386667,-21.422315,10,12.5,"2020-11-24 19:29:52","2020TankerNov22"
"601094193",113.21532,-21.2136033333,9.3,12.8,"2020-11-24 20:29:54","2020TankerNov22"
"601094193",113.265986667,-20.9898816667,10.7,12.3,"2020-11-24 21:34:54","2020TankerNov22"
"601094193",113.30764,-20.786595,11.8,12.3,"2020-11-24 22:34:54","2020TankerNov22"
"601094193",113.35,-20.5796783333,11,12.9,"2020-11-24 23:34:54","2020TankerNov22"
"601094193",113.392466667,-20.367335,13.2,12.7,"2020-11-25 00:34:54","2020TankerNov22"
"601094193",113.44444,-20.1605783333,13.4,12.5,"2020-11-25 01:34:54","2020TankerNov22"
"601094193",113.49216,-19.930465,11,12.9,"2020-11-25 02:39:54","2020TankerNov22"
"601094193",113.535306667,-19.717335,9.8,13.1,"2020-11-25 03:39:55","2020TankerNov22"
"601094193",113.578986667,-19.4873716667,9.3,12.6,"2020-11-25 04:44:53","2020TankerNov22"
"601094193",113.62068,-19.2814033333,14.9,12.3,"2020-11-25 05:44:53","2020TankerNov22"
"601094193",113.668946667,-19.0651583333,11.2,13,"2020-11-25 06:47:25","2020TankerNov22"
"601094193",113.710733333,-18.8392316667,11.3,13.1,"2020-11-25 07:49:44","2020TankerNov22"
"601094193",113.756413333,-18.6285183333,10.1,12.7,"2020-11-25 08:49:55","2020TankerNov22"
"601094193",113.80044,-18.4068733333,11,12.3,"2020-11-25 09:54:54","2020TankerNov22"
"601094193",113.839146667,-18.1985933333,10.7,12.7,"2020-11-25 10:54:54","2020TankerNov22"
"601094193",113.87816,-17.9835,9.3,13.3,"2020-11-25 11:54:54","2020TankerNov22"
"601094193",113.915453333,-17.7618783333,9.1,13.4,"2020-11-25 12:54:55","2020TankerNov22"
"601094193",113.949573333,-17.5331816667,9.8,14.1,"2020-11-25 13:54:55","2020TankerNov22"
"601094193",113.999786667,-17.3019133333,11.7,14,"2020-11-25 14:54:57","2020TankerNov22"
"601094193",114.059573333,-17.0491283333,14.2,14.4,"2020-11-25 16:00:00","2020TankerNov22"
"601094193",114.124866667,-16.81196,15,14.8,"2020-11-25 17:00:00","2020TankerNov22"
"601094193",114.1872,-16.53185,12.1,13.9,"2020-11-25 18:11:36","2020TankerNov22"
"601094193",114.23632,-16.2900066667,10,13.8,"2020-11-25 19:15:14","2020TankerNov22"
"601094193",114.285586667,-16.049425,13.2,14.1,"2020-11-25 20:17:43","2020TankerNov22"
"601094193",114.328773333,-15.8119816667,10.1,14.2,"2020-11-25 21:18:06","2020TankerNov22"
"601094193",114.379093333,-15.545995,10.7,14.3,"2020-11-25 22:26:01","2020TankerNov22"
"END",NA,NA,NA,NA,NA,"NA"
"603127972",115.861121667,-35.4519866667,291.1,11.1,"2020-11-04 04:19:57","2020TankerNov23"
"603127972",115.652003333,-35.3785766667,292.6,10.9,"2020-11-04 05:19:57","2020TankerNov23"
"603127972",115.41548,-35.3041466667,304.4,11.6,"2020-11-04 06:24:57","2020TankerNov23"
"603127972",115.191018333,-35.219165,296.7,10.8,"2020-11-04 07:29:57","2020TankerNov23"
"603127972",114.981838333,-35.1468883333,302.8,11.4,"2020-11-04 08:29:57","2020TankerNov23"
"603127972",114.768393333,-35.067835,291.6,11.6,"2020-11-04 09:29:57","2020TankerNov23"
"603127972",114.588518333,-34.9554483333,335.7,11.9,"2020-11-04 10:29:57","2020TankerNov23"
"603127972",114.481633333,-34.7768633333,329.2,12.2,"2020-11-04 11:29:57","2020TankerNov23"
"603127972",114.370408333,-34.5920316667,350.1,11.9,"2020-11-04 12:29:57","2020TankerNov23"
"603127972",114.339918333,-34.39136,349.3,11.4,"2020-11-04 13:29:57","2020TankerNov23"
"603127972",114.307033333,-34.1778566667,355,12.3,"2020-11-04 14:34:57","2020TankerNov23"
"603127972",114.270958333,-33.9745716667,356.1,12.4,"2020-11-04 15:34:58","2020TankerNov23"
"603127972",114.196848333,-33.7631033333,348.5,12.4,"2020-11-04 16:39:57","2020TankerNov23"
"603127972",114.115208333,-33.56069,344.8,12.3,"2020-11-04 17:42:41","2020TankerNov23"
"603127972",114.003651667,-33.2651283333,346.9,13.4,"2020-11-04 19:08:43","2020TankerNov23"
"603127972",113.922241667,-32.92712,351.7,13.7,"2020-11-04 20:37:09","2020TankerNov23"
"603127972",113.854458333,-32.6945216667,342,13.5,"2020-11-04 21:39:30","2020TankerNov23"
"603127972",113.790666667,-32.4657033333,350.4,13.1,"2020-11-04 22:44:17","2020TankerNov23"
"603127972",113.739403333,-32.23624,350,13.2,"2020-11-04 23:48:09","2020TankerNov23"
"603127972",113.67219,-32.0111933333,342.6,13.2,"2020-11-05 00:52:36","2020TankerNov23"
"603127972",113.61851,-31.7857433333,355.2,12.6,"2020-11-05 01:57:45","2020TankerNov23"
"603127972",113.574391667,-31.5699683333,351.7,12.7,"2020-11-05 02:59:54","2020TankerNov23"
"603127972",113.521715,-31.3628766667,348.2,12.5,"2020-11-05 03:59:58","2020TankerNov23"
"603127972",113.466721667,-31.15734,351.6,13.4,"2020-11-05 04:59:58","2020TankerNov23"
"603127972",113.406003333,-30.94414,349.4,12.9,"2020-11-05 05:59:58","2020TankerNov23"
"603127972",113.34932,-30.7306083333,343.2,13,"2020-11-05 06:59:58","2020TankerNov23"
"603127972",113.289051667,-30.5159933333,348.7,13.1,"2020-11-05 07:59:59","2020TankerNov23"
"603127972",113.224805,-30.2767483333,343.8,13.6,"2020-11-05 09:04:57","2020TankerNov23"
"603127972",113.164388333,-30.0475233333,347.7,13.9,"2020-11-05 10:04:59","2020TankerNov23"
"603127972",113.120505,-29.8276133333,347.7,13,"2020-11-05 11:04:59","2020TankerNov23"
"603127972",113.073406667,-29.612005,346.1,13.4,"2020-11-05 12:04:59","2020TankerNov23"
"603127972",113.01246,-29.3881366667,342.7,13.9,"2020-11-05 13:05:00","2020TankerNov23"
"603127972",112.92986,-29.074835,350.3,13.3,"2020-11-05 14:29:04","2020TankerNov23"
"603127972",112.855526667,-28.8016583333,347,12.9,"2020-11-05 15:43:32","2020TankerNov23"
"603127972",112.798215,-28.579185,344.9,13.5,"2020-11-05 16:44:47","2020TankerNov23"
"603127972",112.716005,-28.2728116667,352,13.4,"2020-11-05 18:08:58","2020TankerNov23"
"603127972",112.650298333,-28.0162216667,346.3,12.8,"2020-11-05 19:20:03","2020TankerNov23"
"603127972",112.597903333,-27.778265,351.4,12.6,"2020-11-05 20:27:35","2020TankerNov23"
"603127972",112.536935,-27.5300366667,350.3,12.7,"2020-11-05 21:39:02","2020TankerNov23"
"603127972",112.481988333,-27.2858766667,347.7,12.6,"2020-11-05 22:49:01","2020TankerNov23"
"603127972",112.427175,-27.0772066667,344,12.2,"2020-11-05 23:49:54","2020TankerNov23"
"603127972",112.365681667,-26.8222483333,346.1,11.7,"2020-11-06 01:05:26","2020TankerNov23"
"603127972",112.310573333,-26.59758,348.5,12.6,"2020-11-06 02:12:26","2020TankerNov23"
"603127972",112.271096667,-26.3819283333,349.7,12.7,"2020-11-06 03:13:09","2020TankerNov23"
"603127972",112.212645,-26.1683333333,349,13.2,"2020-11-06 04:14:29","2020TankerNov23"
"603127972",112.148356667,-25.941245,345.3,12.6,"2020-11-06 05:19:21","2020TankerNov23"
"603127972",112.091878333,-25.72683,340,12.8,"2020-11-06 06:19:54","2020TankerNov23"
"603127972",112.061008333,-25.5172733333,10.2,13.4,"2020-11-06 07:19:55","2020TankerNov23"
"603127972",112.104771667,-25.3001,15.9,13.3,"2020-11-06 08:19:55","2020TankerNov23"
"603127972",112.162686667,-25.0910783333,21.4,12.6,"2020-11-06 09:19:58","2020TankerNov23"
"603127972",112.21979,-24.869535,13.7,12.3,"2020-11-06 10:24:58","2020TankerNov23"
"603127972",112.270656667,-24.6440783333,9.9,12.6,"2020-11-06 11:29:54","2020TankerNov23"
"603127972",112.308865,-24.41187,8.4,13.1,"2020-11-06 12:34:55","2020TankerNov23"
"603127972",112.363981667,-24.172565,12.3,13.6,"2020-11-06 13:39:55","2020TankerNov23"
"603127972",112.412136667,-23.9525283333,10.4,13.5,"2020-11-06 14:39:55","2020TankerNov23"
"603127972",112.470181667,-23.7183483333,13.7,13.1,"2020-11-06 15:44:54","2020TankerNov23"
"603127972",112.522731667,-23.51115,12.2,12.8,"2020-11-06 16:44:54","2020TankerNov23"
"603127972",112.573726667,-23.2934183333,11.6,13.4,"2020-11-06 17:44:55","2020TankerNov23"
"603127972",112.627918333,-23.04802,11.6,14.2,"2020-11-06 18:49:54","2020TankerNov23"
"603127972",112.677691667,-22.8151166667,12.6,14.2,"2020-11-06 19:49:55","2020TankerNov23"
"603127972",112.730348333,-22.5830633333,12.1,14.2,"2020-11-06 20:49:55","2020TankerNov23"
"603127972",112.78893,-22.3366733333,11.1,13.7,"2020-11-06 21:54:53","2020TankerNov23"
"603127972",112.837498333,-22.1137433333,10.1,13.3,"2020-11-06 22:54:54","2020TankerNov23"
"603127972",112.88613,-21.8921466667,10.8,13.35,"2020-11-06 23:54:56","2020TankerNov23"
"603127972",112.945506667,-21.6545933333,11.5,13.4,"2020-11-07 00:59:53","2020TankerNov23"
"603127972",112.995393333,-21.4406016667,12,13.2,"2020-11-07 01:59:53","2020TankerNov23"
"603127972",113.040896667,-21.2217433333,16.6,13.4,"2020-11-07 02:59:53","2020TankerNov23"
"603127972",113.093773333,-21.004895,11.8,13.3,"2020-11-07 03:59:54","2020TankerNov23"
"603127972",113.145851667,-20.774555,12.4,12.6,"2020-11-07 05:04:54","2020TankerNov23"
"603127972",113.195823333,-20.5503766667,12,12.8,"2020-11-07 06:09:54","2020TankerNov23"
"603127972",113.248385,-20.33532,13.1,12.3,"2020-11-07 07:14:53","2020TankerNov23"
"603127972",113.290788333,-20.127685,10.6,12.8,"2020-11-07 08:14:53","2020TankerNov23"
"603127972",113.333636667,-19.8967483333,11.5,13.1,"2020-11-07 09:19:54","2020TankerNov23"
"603127972",113.389455,-19.6823533333,16.2,13,"2020-11-07 10:19:54","2020TankerNov23"
"603127972",113.453165,-19.4570216667,12.2,13.1,"2020-11-07 11:24:53","2020TankerNov23"
"603127972",113.494278333,-19.2397383333,8.3,13.3,"2020-11-07 12:24:54","2020TankerNov23"
"603127972",113.532703333,-19.0195833333,11.7,13.4,"2020-11-07 13:24:55","2020TankerNov23"
"603127972",113.583578333,-18.7982166667,14.1,13.4,"2020-11-07 14:24:56","2020TankerNov23"
"603127972",113.634411667,-18.5572366667,9.3,13.8,"2020-11-07 15:29:59","2020TankerNov23"
"603127972",113.689495,-18.31023,13.8,14.1,"2020-11-07 16:34:56","2020TankerNov23"
"603127972",113.744028333,-18.062045,13.6,13.9,"2020-11-07 17:39:56","2020TankerNov23"
"603127972",113.79719,-17.8339033333,12.3,14,"2020-11-07 18:39:56","2020TankerNov23"
"603127972",113.846816667,-17.6016966667,10.2,14.2,"2020-11-07 19:39:56","2020TankerNov23"
"603127972",113.8892,-17.3639616667,13.6,14.5,"2020-11-07 20:39:56","2020TankerNov23"
"603127972",113.95898,-17.0897683333,14.1,14.5,"2020-11-07 21:49:56","2020TankerNov23"
"603127972",114.017788333,-16.8587683333,12.8,14,"2020-11-07 22:49:56","2020TankerNov23"
"603127972",114.071698333,-16.6121533333,12.1,14.1,"2020-11-07 23:54:55","2020TankerNov23"
"603127972",114.123396667,-16.3825833333,13.9,14.2,"2020-11-08 00:54:55","2020TankerNov23"
"603127972",114.172005,-16.1422666667,9.3,14.3,"2020-11-08 01:54:55","2020TankerNov23"
"603127972",114.218523333,-15.90716,10.15,14,"2020-11-08 02:54:55","2020TankerNov23"
"603127972",114.268221667,-15.6552583333,11,13.7,"2020-11-08 03:59:56","2020TankerNov23"
"603127972",114.317425,-15.4115666667,9.8,13.3,"2020-11-08 05:04:53","2020TankerNov23"
"END",NA,NA,NA,NA,NA,"NA"
"616226779",114.703666667,-15.086,188,10.2,"2020-11-14 10:49:53","2020TankerNov24"
"616226779",114.6795,-15.2546666667,185,10,"2020-11-14 11:49:53","2020TankerNov24"
"616226779",114.649233333,-15.4225333333,190,10.1,"2020-11-14 12:49:54","2020TankerNov24"
"616226779",114.621383333,-15.6075833333,186,10.7,"2020-11-14 13:54:43","2020TankerNov24"
"616226779",114.595033333,-15.7884,190,10.5,"2020-11-14 14:54:54","2020TankerNov24"
"616226779",114.56255,-15.9802166667,187,10.6,"2020-11-14 15:59:34","2020TankerNov24"
"616226779",114.532666667,-16.1582666667,186,10.8,"2020-11-14 16:59:54","2020TankerNov24"
"616226779",114.508116667,-16.3526,188,10.6,"2020-11-14 18:04:53","2020TankerNov24"
"616226779",114.470233333,-16.59695,187,10.9,"2020-11-14 19:24:52","2020TankerNov24"
"616226779",114.437083333,-16.8060666667,189,10.7,"2020-11-14 20:35:54","2020TankerNov24"
"616226779",114.3969,-17.0240333333,188,10.7,"2020-11-14 21:49:43","2020TankerNov24"
"616226779",114.3595,-17.2432,187,10.3,"2020-11-14 22:59:42","2020TankerNov24"
"616226779",114.337083333,-17.42615,188,11.5,"2020-11-14 23:59:52","2020TankerNov24"
"616226779",114.302616667,-17.62875,189,11.3,"2020-11-15 01:04:51","2020TankerNov24"
"616226779",114.2717,-17.8195166667,189,11.3,"2020-11-15 02:06:03","2020TankerNov24"
"616226779",114.24115,-18.0251833333,188,10.9,"2020-11-15 03:10:44","2020TankerNov24"
"616226779",114.211683333,-18.20905,190,10.8,"2020-11-15 04:11:33","2020TankerNov24"
"616226779",114.179816667,-18.4206166667,186,10.5,"2020-11-15 05:21:43","2020TankerNov24"
"616226779",114.152633333,-18.6193,189,10.8,"2020-11-15 06:26:44","2020TankerNov24"
"616226779",114.118733333,-18.80395,190,10.5,"2020-11-15 07:29:12","2020TankerNov24"
"616226779",114.08775,-18.9808833333,187,10.3,"2020-11-15 08:29:54","2020TankerNov24"
"616226779",114.059283333,-19.17555,186,10.8,"2020-11-15 09:34:54","2020TankerNov24"
"616226779",114.0339,-19.3721333333,188,10.8,"2020-11-15 10:39:54","2020TankerNov24"
"616226779",114.001783333,-19.5679666667,190,11.1,"2020-11-15 11:44:53","2020TankerNov24"
"616226779",113.9663,-19.76865,188,11,"2020-11-15 12:49:43","2020TankerNov24"
"616226779",113.937883333,-19.9523166667,187,11.2,"2020-11-15 13:49:53","2020TankerNov24"
"616226779",113.909683333,-20.1390333333,189,11.1,"2020-11-15 14:49:54","2020TankerNov24"
"616226779",113.877166667,-20.3387,188,10.8,"2020-11-15 15:54:53","2020TankerNov24"
"616226779",113.845583333,-20.5182833333,190,10.8,"2020-11-15 16:54:54","2020TankerNov24"
"616226779",113.817133333,-20.6960166667,187,10.3,"2020-11-15 17:54:54","2020TankerNov24"
"616226779",113.792316667,-20.8759666667,188,10.7,"2020-11-15 18:54:54","2020TankerNov24"
"616226779",113.766466667,-21.0486166667,189,9.9,"2020-11-15 19:54:54","2020TankerNov24"
"616226779",113.72985,-21.2402,188,10.4,"2020-11-15 20:59:53","2020TankerNov24"
"616226779",113.704,-21.4328166667,186,10.4,"2020-11-15 22:04:53","2020TankerNov24"
"616226779",113.6721,-21.6101333333,187,10,"2020-11-15 23:04:53","2020TankerNov24"
"616226779",113.6448,-21.7838166667,186,10.7,"2020-11-16 00:04:53","2020TankerNov24"
"616226779",113.62785,-21.9602166667,184,10.8,"2020-11-16 01:04:53","2020TankerNov24"
"616226779",113.607916667,-22.1396666667,185,10.8,"2020-11-16 02:04:54","2020TankerNov24"
"616226779",113.585933333,-22.3376,185,11.4,"2020-11-16 03:09:53","2020TankerNov24"
"616226779",113.563683333,-22.5283166667,187,11.4,"2020-11-16 04:09:53","2020TankerNov24"
"616226779",113.541683333,-22.7142833333,178,11.3,"2020-11-16 05:09:53","2020TankerNov24"
"616226779",113.543466667,-22.9235,178,11.5,"2020-11-16 06:14:52","2020TankerNov24"
"616226779",113.53895,-23.1184,182,11.2,"2020-11-16 07:14:52","2020TankerNov24"
"616226779",113.530066667,-23.30475,183,11.1,"2020-11-16 08:14:53","2020TankerNov24"
"616226779",113.4857,-23.5047833333,194,11.1,"2020-11-16 09:19:53","2020TankerNov24"
"616226779",113.4303,-23.6848666667,195,11.4,"2020-11-16 10:19:53","2020TankerNov24"
"616226779",113.365883333,-23.8772,198,11.3,"2020-11-16 11:24:53","2020TankerNov24"
"616226779",113.304833333,-24.0516666667,196,10.4,"2020-11-16 12:24:54","2020TankerNov24"
"616226779",113.245866667,-24.2390666667,195,10.8,"2020-11-16 13:29:53","2020TankerNov24"
"616226779",113.185066667,-24.43655,195,11.3,"2020-11-16 14:34:53","2020TankerNov24"
"616226779",113.128166667,-24.6187,196,11.5,"2020-11-16 15:34:53","2020TankerNov24"
"616226779",113.071516667,-24.80455,195,11.7,"2020-11-16 16:34:53","2020TankerNov24"
"616226779",113.008716667,-24.9939,197,11.7,"2020-11-16 17:34:53","2020TankerNov24"
"616226779",112.948766667,-25.1834166667,196,11.8,"2020-11-16 18:34:53","2020TankerNov24"
"616226779",112.89005,-25.3695166667,194,11.5,"2020-11-16 19:34:53","2020TankerNov24"
"616226779",112.831966667,-25.5521166667,196,11,"2020-11-16 20:34:53","2020TankerNov24"
"616226779",112.86615,-25.73985,175.5,10.85,"2020-11-16 21:36:22","2020TankerNov24"
"616226779",112.940166667,-25.9233333333,155,10.7,"2020-11-16 22:39:53","2020TankerNov24"
"616226779",113.0245,-26.0888333333,156,11,"2020-11-16 23:40:23","2020TankerNov24"
"616226779",113.117666667,-26.2745,155,10.7,"2020-11-17 00:48:24","2020TankerNov24"
"616226779",113.207333333,-26.4446666667,155,11,"2020-11-17 01:49:44","2020TankerNov24"
"616226779",113.327,-26.6513333333,153,10.8,"2020-11-17 03:04:12","2020TankerNov24"
"616226779",113.433,-26.8306666667,152,11.3,"2020-11-17 04:09:23","2020TankerNov24"
"616226779",113.5275,-26.9986666667,152,11.3,"2020-11-17 05:09:23","2020TankerNov24"
"616226779",113.681833333,-27.2486666667,154,11.6,"2020-11-17 06:38:24","2020TankerNov24"
"616226779",113.789666667,-27.4371666667,151,11.8,"2020-11-17 07:42:22","2020TankerNov24"
"616226779",113.887666667,-27.6165,155,11.3,"2020-11-17 08:43:43","2020TankerNov24"
"616226779",113.947833333,-27.8328333333,169,11.3,"2020-11-17 09:54:43","2020TankerNov24"
"616226779",113.994833333,-28.0331666667,168,11.3,"2020-11-17 10:59:53","2020TankerNov24"
"616226779",114.039,-28.2191666667,169,11.1,"2020-11-17 11:59:53","2020TankerNov24"
"616226779",114.16145,-28.3845,140,11.1,"2020-11-17 13:04:45","2020TankerNov24"
"616226779",114.3032,-28.5517166667,150,10.7,"2020-11-17 14:12:43","2020TankerNov24"
"616226779",114.395166667,-28.7472833333,148,10.6,"2020-11-17 15:23:44","2020TankerNov24"
"616226779",114.51835,-28.9253166667,149,10.1,"2020-11-17 16:34:24","2020TankerNov24"
"616226779",114.587716667,-29.10115,166,11.5,"2020-11-17 17:38:14","2020TankerNov24"
"616226779",114.639616667,-29.3111,170,10,"2020-11-17 18:53:04","2020TankerNov24"
"616226779",114.67785,-29.5066666667,171,10.3,"2020-11-17 20:02:52","2020TankerNov24"
"616226779",114.714333333,-29.676,168,10,"2020-11-17 21:04:53","2020TankerNov24"
"616226779",114.751,-29.8385,168,9.8,"2020-11-17 22:04:53","2020TankerNov24"
"616226779",114.784833333,-30,168,10,"2020-11-17 23:04:54","2020TankerNov24"
"616226779",114.823833333,-30.1733333333,169,9.7,"2020-11-18 00:09:43","2020TankerNov24"
"616226779",114.8595,-30.3336666667,168,9.8,"2020-11-18 01:09:52","2020TankerNov24"
"616226779",114.896,-30.4975,168,9.5,"2020-11-18 02:12:14","2020TankerNov24"
"616226779",114.918166667,-30.6615,213,8.7,"2020-11-18 03:14:22","2020TankerNov24"
"616226779",114.92,-30.8235,170,10.4,"2020-11-18 04:14:52","2020TankerNov24"
"616226779",114.966166667,-30.9898333333,168,10.1,"2020-11-18 05:14:53","2020TankerNov24"
"616226779",115.0175,-31.1588333333,166,12,"2020-11-18 06:14:54","2020TankerNov24"
"616226779",115.080833333,-31.344,163,10.1,"2020-11-18 07:19:53","2020TankerNov24"
"616226779",115.131833333,-31.5033333333,164,10.5,"2020-11-18 08:19:53","2020TankerNov24"
"616226779",115.185,-31.666,162,9.7,"2020-11-18 09:19:53","2020TankerNov24"
"616226779",115.228666667,-31.8013333333,165,7.3,"2020-11-18 10:24:53","2020TankerNov24"
"616226779",115.270333333,-31.9296666667,161,7.2,"2020-11-18 11:29:52","2020TankerNov24"
"616226779",115.3205,-32.0825,163,7.8,"2020-11-18 12:29:54","2020TankerNov24"
"616226779",115.368333333,-32.204,162,6.7,"2020-11-18 13:34:53","2020TankerNov24"
"616226779",115.411833333,-32.3135,159,7.4,"2020-11-18 14:34:53","2020TankerNov24"
"616226779",115.487716667,-32.46035,154,10.5,"2020-11-18 15:34:54","2020TankerNov24"
"616226779",115.4956,-32.61545,184,10.1,"2020-11-18 16:38:22","2020TankerNov24"
"616226779",115.484666667,-32.7491,177,7,"2020-11-18 17:39:32","2020TankerNov24"
"616226779",115.502833333,-32.867,170,7,"2020-11-18 18:39:54","2020TankerNov24"
"616226779",115.529833333,-32.9906666667,172,5.4,"2020-11-18 19:44:54","2020TankerNov24"
"616226779",115.559833333,-33.1156666667,180,10.1,"2020-11-18 20:44:56","2020TankerNov24"
"END",NA,NA,NA,NA,NA,"NA"
"616226779",115.5825,-33.1671666667,338,13.5,"2020-11-26 01:49:50","2020TankerNov25"
"616226779",115.474833333,-32.9421666667,337,13.1,"2020-11-26 02:54:50","2020TankerNov25"
"616226779",115.376333333,-32.733,338,13.5,"2020-11-26 03:54:59","2020TankerNov25"
"616226779",115.369333333,-32.4946666667,3,11.5,"2020-11-26 04:59:58","2020TankerNov25"
"616226779",115.383333333,-32.325,3,8.2,"2020-11-26 05:59:59","2020TankerNov25"
"616226779",115.3935,-32.1878333333,1,8.1,"2020-11-26 06:59:59","2020TankerNov25"
"616226779",115.4215,-32.0095,31,8.7,"2020-11-26 08:04:58","2020TankerNov25"
"616226779",115.5425,-31.9606666667,93,8.1,"2020-11-26 09:04:58","2020TankerNov25"
"616226779",115.687333333,-32.0413333333,188,11.5,"2020-11-26 10:04:58","2020TankerNov25"
"END",NA,NA,NA,NA,NA,"NA"
"616226779",115.695166667,-32.0966666667,349,11.6,"2020-11-27 12:04:59","2020TankerNov26"
"616226779",115.595833333,-31.9508333333,268,12.2,"2020-11-27 13:09:50","2020TankerNov26"
"616226779",115.428166667,-32.0376666667,166,10.9,"2020-11-27 14:09:51","2020TankerNov26"
"616226779",115.518216667,-32.2235166667,170,11.5,"2020-11-27 15:14:50","2020TankerNov26"
"616226779",115.50645,-32.41915,186,11.7,"2020-11-27 16:14:50","2020TankerNov26"
"616226779",115.482766667,-32.6451333333,186,11.9,"2020-11-27 17:22:40","2020TankerNov26"
"616226779",115.42695,-32.8447166667,209,12,"2020-11-27 18:24:50","2020TankerNov26"
"616226779",115.309666667,-33.0203333333,209,12,"2020-11-27 19:24:59","2020TankerNov26"
"616226779",115.183833333,-33.1903333333,213,11.8,"2020-11-27 20:24:59","2020TankerNov26"
"616226779",115.047666667,-33.3695,212,11.8,"2020-11-27 21:29:49","2020TankerNov26"
"616226779",114.932833333,-33.5386666667,205,11.6,"2020-11-27 22:29:49","2020TankerNov26"
"616226779",114.872666667,-33.7218333333,181,11.7,"2020-11-27 23:29:49","2020TankerNov26"
"616226779",114.870833333,-33.917,179,11.8,"2020-11-28 00:29:49","2020TankerNov26"
"616226779",114.870666667,-34.1136666667,179,11.7,"2020-11-28 01:29:50","2020TankerNov26"
"616226779",114.880333333,-34.332,150,12.4,"2020-11-28 02:34:49","2020TankerNov26"
"616226779",115.0795,-34.4581666667,124,12.5,"2020-11-28 03:34:49","2020TankerNov26"
"616226779",115.283666667,-34.5761666667,126,12.2,"2020-11-28 04:34:50","2020TankerNov26"
"616226779",115.486333333,-34.6938333333,126,12.3,"2020-11-28 05:34:50","2020TankerNov26"
"616226779",115.689833333,-34.8108333333,124,12.3,"2020-11-28 06:34:50","2020TankerNov26"
"END",NA,NA,NA,NA,NA,"NA"
"789489990",115.15269,-15.0445516667,184.3,12.7,"2020-11-05 18:39:55","2020TankerNov27"
"789489990",115.137341667,-15.2690716667,182.3,12.5,"2020-11-05 19:44:35","2020TankerNov27"
"789489990",115.129013333,-15.4777366667,180.9,12.2,"2020-11-05 20:44:54","2020TankerNov27"
"789489990",115.118061667,-15.6829566667,181.1,12.3,"2020-11-05 21:44:55","2020TankerNov27"
"789489990",115.098083333,-15.8878866667,186.4,12.1,"2020-11-05 22:44:55","2020TankerNov27"
"789489990",115.080938333,-16.0917383333,174.1,12.4,"2020-11-05 23:44:55","2020TankerNov27"
"789489990",115.242633333,-16.0258116667,29.2,13.8,"2020-11-06 00:49:55","2020TankerNov27"
"789489990",115.355566667,-15.8217266667,25.7,14,"2020-11-06 01:49:59","2020TankerNov27"
"789489990",115.434411667,-15.6095433333,14.8,11.7,"2020-11-06 02:54:52","2020TankerNov27"
"789489990",115.339088333,-15.6107766667,207.7,11.3,"2020-11-06 03:54:54","2020TankerNov27"
"789489990",115.235586667,-15.7894416667,210.7,11.3,"2020-11-06 04:59:52","2020TankerNov27"
"789489990",115.130713333,-15.953475,214.6,11.5,"2020-11-06 05:59:53","2020TankerNov27"
"789489990",115.075133333,-16.15564,183.6,12.1,"2020-11-06 07:04:53","2020TankerNov27"
"789489990",115.05675,-16.3670883333,185.3,12.5,"2020-11-06 08:04:53","2020TankerNov27"
"789489990",115.040005,-16.5775516667,184.3,12.8,"2020-11-06 09:04:56","2020TankerNov27"
"789489990",115.020923333,-16.80658,184.9,12.3,"2020-11-06 10:09:53","2020TankerNov27"
"789489990",115.002455,-17.016485,184.5,12.6,"2020-11-06 11:09:53","2020TankerNov27"
"789489990",114.98813,-17.224455,182,12.3,"2020-11-06 12:09:53","2020TankerNov27"
"789489990",114.835783333,-17.33495,223.3,12.1,"2020-11-06 13:09:54","2020TankerNov27"
"789489990",114.755076667,-17.3401416667,63,12.5,"2020-11-06 14:14:54","2020TankerNov27"
"789489990",114.963218333,-17.2264716667,60.6,12.9,"2020-11-06 15:19:53","2020TankerNov27"
"789489990",115.158031667,-17.1210116667,61.7,12.9,"2020-11-06 16:19:53","2020TankerNov27"
"789489990",115.338003333,-16.991045,50,12.9,"2020-11-06 17:19:53","2020TankerNov27"
"789489990",115.512991667,-16.848835,48.3,13.2,"2020-11-06 18:19:53","2020TankerNov27"
"789489990",115.683946667,-16.7029766667,47.5,13.1,"2020-11-06 19:19:53","2020TankerNov27"
"789489990",115.752456667,-16.7222683333,230.6,11.7,"2020-11-06 20:19:53","2020TankerNov27"
"789489990",115.59725,-16.8473166667,230.1,11.6,"2020-11-06 21:19:54","2020TankerNov27"
"789489990",115.441016667,-16.9743583333,229.7,11.6,"2020-11-06 22:19:54","2020TankerNov27"
"789489990",115.273883333,-17.1138833333,229.3,11.7,"2020-11-06 23:24:53","2020TankerNov27"
"789489990",115.116075,-17.2373666667,233.1,11.6,"2020-11-07 00:24:54","2020TankerNov27"
"789489990",114.941246667,-17.3702666667,231.9,11.8,"2020-11-07 01:29:52","2020TankerNov27"
"789489990",114.764185,-17.4726383333,246.1,12,"2020-11-07 02:29:53","2020TankerNov27"
"789489990",114.650585,-17.4183983333,0.9,12.2,"2020-11-07 03:29:53","2020TankerNov27"
"789489990",114.6498,-17.2121016667,0.4,12.1,"2020-11-07 04:29:53","2020TankerNov27"
"789489990",114.647925,-16.9884683333,1.6,12.6,"2020-11-07 05:34:52","2020TankerNov27"
"789489990",114.649041667,-16.7756383333,13.9,12.6,"2020-11-07 06:34:53","2020TankerNov27"
"789489990",114.715365,-16.904525,179.7,11.5,"2020-11-07 07:39:54","2020TankerNov27"
"789489990",114.712585,-17.1135166667,180.5,11.9,"2020-11-07 08:44:54","2020TankerNov27"
"789489990",114.711045,-17.3331966667,179.6,12.4,"2020-11-07 09:49:54","2020TankerNov27"
"789489990",114.708863333,-17.5535783333,181.2,12,"2020-11-07 10:54:52","2020TankerNov27"
"789489990",114.797525,-17.5808566667,0.4,12.4,"2020-11-07 11:54:54","2020TankerNov27"
"789489990",114.796626667,-17.355375,0.9,12.1,"2020-11-07 12:59:53","2020TankerNov27"
"789489990",114.79117,-17.1322066667,357.5,12.5,"2020-11-07 14:04:52","2020TankerNov27"
"789489990",114.781723333,-16.9263316667,356.4,12.1,"2020-11-07 15:04:53","2020TankerNov27"
"789489990",114.837886667,-16.8234466667,178,12.1,"2020-11-07 16:09:53","2020TankerNov27"
"789489990",114.838161667,-17.0536666667,181.1,12.9,"2020-11-07 17:14:52","2020TankerNov27"
"789489990",114.836761667,-17.2700266667,178.9,12.7,"2020-11-07 18:14:53","2020TankerNov27"
"789489990",114.843193333,-17.497445,178.1,12.7,"2020-11-07 19:19:52","2020TankerNov27"
"789489990",114.843541667,-17.70962,181.6,12.6,"2020-11-07 20:19:53","2020TankerNov27"
"789489990",114.949695,-17.6563316667,14.4,12.1,"2020-11-07 21:19:53","2020TankerNov27"
"789489990",115.004035,-17.45926,16.4,12.2,"2020-11-07 22:19:53","2020TankerNov27"
"789489990",115.057953333,-17.2612266667,14.3,12.2,"2020-11-07 23:19:54","2020TankerNov27"
"789489990",115.112276667,-17.0491416667,14.1,11.7,"2020-11-08 00:24:52","2020TankerNov27"
"789489990",115.014198333,-17.08421,194.3,13.2,"2020-11-08 01:24:52","2020TankerNov27"
"789489990",114.981876667,-17.3163683333,185.6,12.9,"2020-11-08 02:29:52","2020TankerNov27"
"789489990",114.959426667,-17.5318033333,182.6,12.7,"2020-11-08 03:29:54","2020TankerNov27"
"789489990",114.940948333,-17.76651,185.6,13,"2020-11-08 04:34:53","2020TankerNov27"
"789489990",114.913626667,-17.985525,188,13.1,"2020-11-08 05:34:53","2020TankerNov27"
"789489990",114.890615,-18.2218783333,181.9,13.2,"2020-11-08 06:39:53","2020TankerNov27"
"789489990",114.874123333,-18.4625533333,183.4,13.1,"2020-11-08 07:44:53","2020TankerNov27"
"789489990",114.862298333,-18.6797133333,182.3,12.6,"2020-11-08 08:44:53","2020TankerNov27"
"789489990",114.844555,-18.916415,184.9,13.1,"2020-11-08 09:49:53","2020TankerNov27"
"789489990",114.826423333,-19.1532816667,181.8,13.2,"2020-11-08 10:54:53","2020TankerNov27"
"789489990",114.81374,-19.3719683333,183.6,13,"2020-11-08 11:54:53","2020TankerNov27"
"789489990",114.789613333,-19.609855,185.9,13.2,"2020-11-08 12:59:52","2020TankerNov27"
"789489990",114.764808333,-19.8350383333,188.7,13.3,"2020-11-08 13:59:52","2020TankerNov27"
"789489990",114.747645,-20.0526583333,181.5,13,"2020-11-08 14:59:53","2020TankerNov27"
"789489990",114.738713333,-20.2906816667,186.4,13.1,"2020-11-08 16:04:53","2020TankerNov27"
"789489990",114.712655,-20.510675,187.1,13.3,"2020-11-08 17:04:54","2020TankerNov27"
"789489990",114.81914,-20.7076183333,132.8,13.3,"2020-11-08 18:09:52","2020TankerNov27"
"789489990",114.985831667,-20.8631716667,150.2,13.1,"2020-11-08 19:09:52","2020TankerNov27"
"789489990",115.08696,-21.0485033333,155.7,12,"2020-11-08 20:09:53","2020TankerNov27"
"789489990",115.16995,-21.158845,123.5,5.8,"2020-11-08 21:14:53","2020TankerNov27"
"789489990",115.257416667,-21.2780316667,177.2,7.6,"2020-11-08 22:19:53","2020TankerNov27"
"789489990",115.184336667,-21.3805866667,203.05,7.75,"2020-11-08 23:19:53","2020TankerNov27"
"789489990",115.068846667,-21.4749333333,228.9,7.9,"2020-11-09 00:24:53","2020TankerNov27"
"789489990",115.027301667,-21.602805,194,7.9,"2020-11-09 01:24:53","2020TankerNov27"
"END",NA,NA,NA,NA,NA,"NA"
"789489990",115.018196667,-21.637415,13.5,8,"2020-11-10 03:14:51","2020TankerNov28"
"789489990",115.05217,-21.5081783333,13.6,8,"2020-11-10 04:14:52","2020TankerNov28"
"789489990",115.18284,-21.3756916667,58.9,11.1,"2020-11-10 05:19:52","2020TankerNov28"
"789489990",115.250838333,-21.2284866667,334.7,11.1,"2020-11-10 06:24:51","2020TankerNov28"
"789489990",115.103513333,-21.0744083333,337,14.8,"2020-11-10 07:24:57","2020TankerNov28"
"789489990",114.966523333,-20.8416166667,317.6,14.4,"2020-11-10 08:29:57","2020TankerNov28"
"789489990",114.779095,-20.6826916667,317.9,14.1,"2020-11-10 09:29:57","2020TankerNov28"
"789489990",114.697146667,-20.4645083333,4.9,14.5,"2020-11-10 10:29:57","2020TankerNov28"
"789489990",114.72069,-20.21603,6.2,15.1,"2020-11-10 11:29:58","2020TankerNov28"
"789489990",114.747021667,-19.9636033333,359.5,14.9,"2020-11-10 12:29:58","2020TankerNov28"
"789489990",114.769198333,-19.6919233333,7.5,15,"2020-11-10 13:34:57","2020TankerNov28"
"789489990",114.802085,-19.428905,5.6,14.6,"2020-11-10 14:39:20","2020TankerNov28"
"789489990",114.825456667,-19.13816,4.2,14.7,"2020-11-10 15:49:46","2020TankerNov28"
"789489990",114.848561667,-18.8707783333,4.7,14.6,"2020-11-10 16:54:10","2020TankerNov28"
"789489990",114.876813333,-18.60414,7,14.7,"2020-11-10 17:59:57","2020TankerNov28"
"789489990",114.899168333,-18.3394566667,3.5,14.7,"2020-11-10 19:04:58","2020TankerNov28"
"789489990",114.915221667,-18.074335,6.2,14.3,"2020-11-10 20:09:58","2020TankerNov28"
"789489990",114.942411667,-17.8342333333,6.6,14.4,"2020-11-10 21:09:58","2020TankerNov28"
"789489990",114.988608333,-17.5749916667,9.6,14.3,"2020-11-10 22:14:51","2020TankerNov28"
"789489990",115.002215,-17.3347916667,2.1,14.2,"2020-11-10 23:14:58","2020TankerNov28"
"789489990",115.013841667,-17.09204,2.3,14.9,"2020-11-11 00:14:58","2020TankerNov28"
"789489990",115.034086667,-16.8270766667,4.3,14.6,"2020-11-11 01:19:39","2020TankerNov28"
"789489990",115.0545,-16.5871266667,4,14.1,"2020-11-11 02:19:55","2020TankerNov28"
"789489990",115.068545,-16.35619,3.5,13.9,"2020-11-11 03:19:58","2020TankerNov28"
"789489990",115.089935,-16.1058366667,5.8,14.1,"2020-11-11 04:24:58","2020TankerNov28"
"789489990",115.117115,-15.841725,7.1,14.8,"2020-11-11 05:29:57","2020TankerNov28"
"789489990",115.142665,-15.583415,5,14.6,"2020-11-11 06:32:52","2020TankerNov28"
"789489990",115.160991667,-15.317045,1.9,14.4,"2020-11-11 07:39:58","2020TankerNov28"
"END",NA,NA,NA,NA,NA,"NA"
"999056833",111.199793333,-15.0052483333,134.7,18.8,"2020-11-29 01:49:40","2020TankerNov29"
"999056833",111.421238333,-15.225245,135.8,18.5,"2020-11-29 02:49:58","2020TankerNov29"
"999056833",111.679473333,-15.4788716667,134.8,18.7,"2020-11-29 03:58:53","2020TankerNov29"
"999056833",111.926386667,-15.705315,132.1,18.7,"2020-11-29 05:02:34","2020TankerNov29"
"999056833",112.167641667,-15.9140666667,134.1,18.1,"2020-11-29 06:03:29","2020TankerNov29"
"999056833",112.396935,-16.15592,138.6,17.3,"2020-11-29 07:09:58","2020TankerNov29"
"999056833",112.597335,-16.3769333333,134.7,18,"2020-11-29 08:09:58","2020TankerNov29"
"999056833",112.822885,-16.591715,135.6,18.5,"2020-11-29 09:09:58","2020TankerNov29"
"999056833",113.050438333,-16.80711,132.6,18.9,"2020-11-29 10:09:58","2020TankerNov29"
"999056833",113.274498333,-17.035355,134.9,18.6,"2020-11-29 11:09:58","2020TankerNov29"
"999056833",113.50494,-17.25783,135.2,18.8,"2020-11-29 12:09:58","2020TankerNov29"
"999056833",113.751188333,-17.4992,134.5,18.4,"2020-11-29 13:14:58","2020TankerNov29"
"999056833",113.98107,-17.7135616667,133.1,18.5,"2020-11-29 14:14:58","2020TankerNov29"
"999056833",114.207921667,-17.9370733333,141.9,18.5,"2020-11-29 15:14:58","2020TankerNov29"
"999056833",114.441825,-18.1578616667,132.7,18.9,"2020-11-29 16:14:58","2020TankerNov29"
"999056833",114.689836667,-18.3708166667,132.9,19.1,"2020-11-29 17:14:58","2020TankerNov29"
"999056833",114.923693333,-18.6010466667,139.8,18.9,"2020-11-29 18:14:58","2020TankerNov29"
"999056833",115.140186667,-18.8408216667,133.8,19.2,"2020-11-29 19:14:58","2020TankerNov29"
"999056833",115.403606667,-19.0866883333,136.3,19,"2020-11-29 20:19:59","2020TankerNov29"
"999056833",115.640333333,-19.3139816667,135.2,19.4,"2020-11-29 21:19:59","2020TankerNov29"
"999056833",115.840601667,-19.56868,182.8,19.9,"2020-11-29 22:24:58","2020TankerNov29"
"999056833",115.839315,-19.8935433333,152,19,"2020-11-29 23:24:59","2020TankerNov29"
"999056833",115.897321667,-19.8620016667,262.3,17.8,"2020-11-30 00:24:59","2020TankerNov29"
"999056833",115.835705,-20.129935,179.2,15.6,"2020-11-30 01:29:59","2020TankerNov29"
"999056833",115.838038333,-20.3855266667,180.7,13.6,"2020-11-30 02:34:52","2020TankerNov29"
"999056833",115.824788333,-20.5959533333,199.9,9.1,"2020-11-30 03:34:54","2020TankerNov29"
"999056833",115.757203333,-20.7007583333,225.8,7.2,"2020-11-30 04:34:55","2020TankerNov29"
"999056833",115.67586,-20.7669566667,236.6,7.9,"2020-11-30 05:34:55","2020TankerNov29"
"999056833",115.564641667,-20.8385166667,237.5,7.3,"2020-11-30 06:34:55","2020TankerNov29"
"END",NA,NA,NA,NA,NA,"NA"
"1069120595",105.022483333,-35.4914333333,91,12.6,"2020-11-28 23:41:54","2020TankerNov30"
"1069120595",105.353333333,-35.5005,91,12.5,"2020-11-29 00:59:33","2020TankerNov30"
"1069120595",105.640133333,-35.5077833333,89,12.7,"2020-11-29 02:06:44","2020TankerNov30"
"1069120595",105.909866667,-35.5142333333,92,12.6,"2020-11-29 03:09:34","2020TankerNov30"
"1069120595",106.218983333,-35.5172166667,90,12.8,"2020-11-29 04:20:13","2020TankerNov30"
"1069120595",106.506733333,-35.5149,90,12.1,"2020-11-29 05:28:14","2020TankerNov30"
"1069120595",106.779966667,-35.5134,91,11.6,"2020-11-29 06:36:13","2020TankerNov30"
"1069120595",107.025016667,-35.5207333333,93,11.7,"2020-11-29 07:37:33","2020TankerNov30"
"1069120595",107.195175,-35.52465,91.5,10.8,"2020-11-29 08:22:43","2020TankerNov30"
"1069120595",107.365333333,-35.5285666667,90,9.9,"2020-11-29 09:07:43","2020TankerNov30"
"1069120595",107.620916667,-35.5278833333,89,9.7,"2020-11-29 10:21:03","2020TankerNov30"
"1069120595",107.838166667,-35.5156333333,82,10.1,"2020-11-29 11:26:23","2020TankerNov30"
"1069120595",108.08185,-35.4919833333,82,9.6,"2020-11-29 12:38:44","2020TankerNov30"
"1069120595",108.313383333,-35.47845,88,10.1,"2020-11-29 13:48:03","2020TankerNov30"
"1069120595",108.552983333,-35.47535,89,10.1,"2020-11-29 14:58:44","2020TankerNov30"
"1069120595",108.828483333,-35.4778833333,89,10.4,"2020-11-29 16:17:01","2020TankerNov30"
"1069120595",109.0729,-35.4831,91,10.7,"2020-11-29 17:25:04","2020TankerNov30"
"1069120595",109.336616667,-35.4888333333,93,10.7,"2020-11-29 18:38:14","2020TankerNov30"
"1069120595",109.610516667,-35.5042,92,10.6,"2020-11-29 19:52:44","2020TankerNov30"
"1069120595",109.8315,-35.51755,94,10.2,"2020-11-29 20:54:02","2020TankerNov30"
"1069120595",110.09835,-35.5391,94,10.5,"2020-11-29 22:08:20","2020TankerNov30"
"1069120595",110.372083333,-35.5558666667,94,10.9,"2020-11-29 23:23:43","2020TankerNov30"
"1069120595",110.6302,-35.5728666667,95,10.7,"2020-11-30 00:33:03","2020TankerNov30"
"1069120595",110.884883333,-35.5883666667,93,10.6,"2020-11-30 01:43:11","2020TankerNov30"
"1069120595",111.131733333,-35.6009,95,10.2,"2020-11-30 02:52:33","2020TankerNov30"
"1069120595",111.357566667,-35.61425,93,10.4,"2020-11-30 03:57:43","2020TankerNov30"
"1069120595",111.599066667,-35.6275,91,10.6,"2020-11-30 05:06:14","2020TankerNov30"
"1069120595",111.895983333,-35.6444,93,10.5,"2020-11-30 06:29:34","2020TankerNov30"
"1069120595",112.115083333,-35.6580833333,94,10.7,"2020-11-30 07:30:41","2020TankerNov30"
"1069120595",112.388266667,-35.6739333333,94,10.6,"2020-11-30 08:46:31","2020TankerNov30"
"1069120595",112.661716667,-35.6909,92,10.5,"2020-11-30 09:57:44","2020TankerNov30"
"1069120595",112.9243,-35.6814166667,88,10.9,"2020-11-30 11:07:32","2020TankerNov30"
"1069120595",113.189283333,-35.66715,84,11,"2020-11-30 12:17:52","2020TankerNov30"
"1069120595",113.440966667,-35.6482666667,82,11.1,"2020-11-30 13:24:41","2020TankerNov30"
"1069120595",113.684716667,-35.6478833333,92,11.6,"2020-11-30 14:27:42","2020TankerNov30"
"1069120595",114.033533333,-35.6591,90,12.2,"2020-11-30 15:53:22","2020TankerNov30"
"1069120595",114.326666667,-35.6675666667,92,12.6,"2020-11-30 17:02:03","2020TankerNov30"
"1069120595",114.6307,-35.6732666667,91,12.2,"2020-11-30 18:13:33","2020TankerNov30"
"1069120595",114.8788,-35.6764833333,90,12.4,"2020-11-30 19:14:11","2020TankerNov30"
"1069120595",115.164616667,-35.6860833333,94,11.8,"2020-11-30 20:21:11","2020TankerNov30"
"1069120595",115.41955,-35.68385,90,12,"2020-11-30 21:24:53","2020TankerNov30"
"1069120595",115.6819,-35.68975,94,11.6,"2020-11-30 22:29:53","2020TankerNov30"
"END",NA,NA,NA,NA,NA,"NA"
"1073922111",115.757235,-15.1057066667,180.1,11.8,"2020-11-14 23:49:40","2020TankerNov31"
"1073922111",115.765775,-15.316135,179.6,13.1,"2020-11-15 00:49:52","2020TankerNov31"
"1073922111",115.764638333,-15.53451,178.9,13,"2020-11-15 01:49:52","2020TankerNov31"
"1073922111",115.767636667,-15.7667616667,178.5,12.4,"2020-11-15 02:54:52","2020TankerNov31"
"1073922111",115.773033333,-15.999365,181.4,12.9,"2020-11-15 03:59:53","2020TankerNov31"
"1073922111",115.770815,-16.2364133333,180.9,13.1,"2020-11-15 05:04:52","2020TankerNov31"
"1073922111",115.775958333,-16.458825,177.1,13.1,"2020-11-15 06:04:53","2020TankerNov31"
"1073922111",115.785025,-16.68177,180.4,13.2,"2020-11-15 07:04:53","2020TankerNov31"
"1073922111",115.788686667,-16.9253833333,179.2,13.4,"2020-11-15 08:09:52","2020TankerNov31"
"1073922111",115.795988333,-17.1665783333,177.4,11.9,"2020-11-15 09:14:52","2020TankerNov31"
"1073922111",115.798801667,-17.36212,182.7,11.9,"2020-11-15 10:14:53","2020TankerNov31"
"1073922111",115.798718333,-17.5615883333,177.4,12,"2020-11-15 11:14:53","2020TankerNov31"
"1073922111",115.803346667,-17.78373,179,12.1,"2020-11-15 12:19:53","2020TankerNov31"
"1073922111",115.805028333,-17.9883166667,177.4,12.3,"2020-11-15 13:19:53","2020TankerNov31"
"1073922111",115.810078333,-18.1932983333,178.1,12.4,"2020-11-15 14:19:53","2020TankerNov31"
"1073922111",115.813351667,-18.4223133333,179.9,12.6,"2020-11-15 15:24:52","2020TankerNov31"
"1073922111",115.8187,-18.631855,177.5,12.7,"2020-11-15 16:24:52","2020TankerNov31"
"1073922111",115.82152,-18.8640566667,178.6,12.6,"2020-11-15 17:29:52","2020TankerNov31"
"1073922111",115.82697,-19.0736183333,180.4,12.3,"2020-11-15 18:29:53","2020TankerNov31"
"1073922111",115.827443333,-19.2999633333,179.7,12.5,"2020-11-15 19:34:53","2020TankerNov31"
"1073922111",115.828708333,-19.52292,179.3,12.1,"2020-11-15 20:39:53","2020TankerNov31"
"1073922111",115.83452,-19.7466433333,181.5,12.4,"2020-11-15 21:44:52","2020TankerNov31"
"1073922111",115.83479,-19.9595666667,179.6,12.9,"2020-11-15 22:44:52","2020TankerNov31"
"1073922111",115.888141667,-20.1683733333,133.6,14.5,"2020-11-15 23:44:59","2020TankerNov31"
"1073922111",116.09933,-20.1736866667,45.8,15,"2020-11-16 00:49:54","2020TankerNov31"
"1073922111",116.025138333,-19.989935,314.6,13.7,"2020-11-16 01:54:52","2020TankerNov31"
"1073922111",115.826403333,-19.902935,259.2,13.4,"2020-11-16 02:54:55","2020TankerNov31"
"1073922111",115.832735,-20.1140833333,181,14.2,"2020-11-16 03:54:59","2020TankerNov31"
"1073922111",115.833351667,-20.3762616667,175.8,14.3,"2020-11-16 04:59:59","2020TankerNov31"
"1073922111",115.831408333,-20.60422,180.9,11.4,"2020-11-16 05:59:59","2020TankerNov31"
"1073922111",115.739375,-20.7148633333,235.3,8.2,"2020-11-16 07:04:58","2020TankerNov31"
"1073922111",115.61043,-20.8053466667,242.2,7.2,"2020-11-16 08:09:58","2020TankerNov31"
"END",NA,NA,NA,NA,NA,"NA"
"1087081010",115.754075,-15.095945,178.9,11,"2020-11-06 05:24:59","2020TankerNov32"
"1087081010",115.759068333,-15.2781083333,182,10.7,"2020-11-06 06:24:59","2020TankerNov32"
"1087081010",115.762361667,-15.4569583333,178,10.4,"2020-11-06 07:25:00","2020TankerNov32"
"1087081010",115.766576667,-15.6484483333,180,10.8,"2020-11-06 08:29:50","2020TankerNov32"
"1087081010",115.768308333,-15.82191,179.7,10.2,"2020-11-06 09:29:51","2020TankerNov32"
"1087081010",115.768135,-15.9965683333,177.8,10.5,"2020-11-06 10:30:00","2020TankerNov32"
"1087081010",115.769758333,-16.1722666667,179.5,10.3,"2020-11-06 11:30:00","2020TankerNov32"
"1087081010",115.774995,-16.359355,176.9,10.2,"2020-11-06 12:34:49","2020TankerNov32"
"1087081010",115.782143333,-16.5332216667,178.3,10.7,"2020-11-06 13:34:50","2020TankerNov32"
"1087081010",115.783701667,-16.711395,178.3,10.5,"2020-11-06 14:34:59","2020TankerNov32"
"1087081010",115.789298333,-16.9006116667,180.5,10.4,"2020-11-06 15:40:00","2020TankerNov32"
"1087081010",115.791566667,-17.0869683333,178.9,10.1,"2020-11-06 16:44:49","2020TankerNov32"
"1087081010",115.793205,-17.2652733333,179.2,11.1,"2020-11-06 17:44:59","2020TankerNov32"
"1087081010",115.795946667,-17.4490683333,178.3,10.9,"2020-11-06 18:45:00","2020TankerNov32"
"1087081010",115.799253333,-17.630475,176.8,10.4,"2020-11-06 19:45:00","2020TankerNov32"
"1087081010",115.80337,-17.8069383333,178.1,10.7,"2020-11-06 20:45:00","2020TankerNov32"
"1087081010",115.802826667,-17.999935,181.5,10.6,"2020-11-06 21:50:00","2020TankerNov32"
"1087081010",115.806888333,-18.1896266667,176.5,10.5,"2020-11-06 22:54:50","2020TankerNov32"
"1087081010",115.813698333,-18.3612283333,178.1,10.2,"2020-11-06 23:54:50","2020TankerNov32"
"1087081010",115.818548333,-18.5338516667,180.5,10.3,"2020-11-07 00:54:59","2020TankerNov32"
"1087081010",115.820538333,-18.70634,180.5,10.3,"2020-11-07 01:54:59","2020TankerNov32"
"1087081010",115.822025,-18.86717,178.5,8.9,"2020-11-07 02:55:00","2020TankerNov32"
"1087081010",115.830755,-19.024815,176.8,8.9,"2020-11-07 04:00:00","2020TankerNov32"
"1087081010",115.829913333,-19.1822,176,8.8,"2020-11-07 05:04:50","2020TankerNov32"
"1087081010",115.830691667,-19.3311233333,176,9.1,"2020-11-07 06:04:50","2020TankerNov32"
"1087081010",115.830865,-19.5032433333,177,9.3,"2020-11-07 07:09:50","2020TankerNov32"
"1087081010",115.833388333,-19.6571816667,179.9,9.2,"2020-11-07 08:09:51","2020TankerNov32"
"1087081010",115.835451667,-19.8141383333,177.9,9.5,"2020-11-07 09:10:00","2020TankerNov32"
"1087081010",115.836988333,-19.9900366667,180,10,"2020-11-07 10:15:00","2020TankerNov32"
"1087081010",115.835085,-20.1713883333,180.6,9.9,"2020-11-07 11:19:50","2020TankerNov32"
"1087081010",115.836783333,-20.3407716667,178.9,10.3,"2020-11-07 12:19:59","2020TankerNov32"
"1087081010",115.840851667,-20.5002583333,179.4,8.9,"2020-11-07 13:24:59","2020TankerNov32"
"1087081010",115.842736667,-20.6376583333,190.4,6.6,"2020-11-07 14:29:51","2020TankerNov32"
"1087081010",115.755166667,-20.7287016667,221.9,7.7,"2020-11-07 15:29:59","2020TankerNov32"
"1087081010",115.635555,-20.7888833333,267.5,8.6,"2020-11-07 16:30:00","2020TankerNov32"
"1087081010",115.50861,-20.8254733333,303.7,6.1,"2020-11-07 17:35:00","2020TankerNov32"
"END",NA,NA,NA,NA,NA,"NA"
"1087081010",115.53083,-20.83881,110.4,7.5,"2020-11-09 11:55:00","2020TankerNov33"
"1087081010",115.723133333,-20.7344483333,55.1,16.5,"2020-11-09 12:59:59","2020TankerNov33"
"1087081010",115.83841,-20.46494,359.1,18.6,"2020-11-09 14:04:59","2020TankerNov33"
"1087081010",115.835931667,-20.1521066667,359.3,18.9,"2020-11-09 15:04:59","2020TankerNov33"
"1087081010",115.833361667,-19.837875,359.2,18.6,"2020-11-09 16:04:59","2020TankerNov33"
"1087081010",115.823983333,-19.49983,3.1,18.9,"2020-11-09 17:09:41","2020TankerNov33"
"1087081010",115.831813333,-19.1872833333,0.8,18.4,"2020-11-09 18:09:59","2020TankerNov33"
"1087081010",115.826583333,-18.8776916667,357,18.5,"2020-11-09 19:09:59","2020TankerNov33"
"1087081010",115.821051667,-18.5416066667,358.8,19,"2020-11-09 20:14:35","2020TankerNov33"
"1087081010",115.811355,-18.2002966667,358.4,18.8,"2020-11-09 21:19:28","2020TankerNov33"
"1087081010",115.812783333,-17.8577116667,0.7,19,"2020-11-09 22:24:58","2020TankerNov33"
"1087081010",115.81043,-17.5151133333,358.5,18.4,"2020-11-09 23:29:51","2020TankerNov33"
"1087081010",115.807086667,-17.20385,1.5,19,"2020-11-10 00:29:52","2020TankerNov33"
"1087081010",115.800065,-16.8871416667,358,18.6,"2020-11-10 01:29:58","2020TankerNov33"
"1087081010",115.798926667,-16.5527333333,0.6,18.8,"2020-11-10 02:34:59","2020TankerNov33"
"1087081010",115.798,-16.234375,355.3,19.5,"2020-11-10 03:34:59","2020TankerNov33"
"1087081010",115.787675,-15.8814133333,359.5,19.5,"2020-11-10 04:39:57","2020TankerNov33"
"1087081010",115.787173333,-15.5627416667,0.2,18.8,"2020-11-10 05:39:58","2020TankerNov33"
"END",NA,NA,NA,NA,NA,"NA"
"1087081010",115.750841667,-15.0767966667,182.5,6.4,"2020-11-23 09:19:51","2020TankerNov34"
"1087081010",115.755286667,-15.18327,180.9,6.5,"2020-11-23 10:19:51","2020TankerNov34"
"1087081010",115.757983333,-15.29056,178.9,6.2,"2020-11-23 11:19:51","2020TankerNov34"
"1087081010",115.760776667,-15.4103116667,183.1,6.8,"2020-11-23 12:24:52","2020TankerNov34"
"1087081010",115.76062,-15.533845,178.2,7.2,"2020-11-23 13:29:32","2020TankerNov34"
"1087081010",115.763698333,-15.6622833333,174.7,7,"2020-11-23 14:34:52","2020TankerNov34"
"1087081010",115.76503,-15.7874533333,180.7,7.6,"2020-11-23 15:36:42","2020TankerNov34"
"1087081010",115.76929,-15.9135233333,176.7,7.1,"2020-11-23 16:37:12","2020TankerNov34"
"1087081010",115.77099,-16.04468,181,7,"2020-11-23 17:46:01","2020TankerNov34"
"1087081010",115.77209,-16.17954,176.5,6.9,"2020-11-23 18:56:00","2020TankerNov34"
"1087081010",115.776828333,-16.334795,179.8,6.3,"2020-11-23 20:21:08","2020TankerNov34"
"1087081010",115.778441667,-16.4621716667,179.9,6.4,"2020-11-23 21:31:51","2020TankerNov34"
"1087081010",115.785188333,-16.5741716667,181.5,6.4,"2020-11-23 22:34:31","2020TankerNov34"
"1087081010",115.784136667,-16.6829333333,183,6.5,"2020-11-23 23:34:50","2020TankerNov34"
"1087081010",115.783473333,-16.8046166667,178.8,7,"2020-11-24 00:39:52","2020TankerNov34"
"1087081010",115.720906667,-16.9099866667,217,7.1,"2020-11-24 01:44:51","2020TankerNov34"
"1087081010",115.645413333,-17.013665,214.95,6.9,"2020-11-24 02:49:50","2020TankerNov34"
"1087081010",115.574385,-17.1178666667,212.9,6.7,"2020-11-24 03:54:22","2020TankerNov34"
"1087081010",115.502078333,-17.217325,216.9,6.6,"2020-11-24 04:59:40","2020TankerNov34"
"1087081010",115.431773333,-17.30491,219.1,6.7,"2020-11-24 05:59:51","2020TankerNov34"
"1087081010",115.356065,-17.3915116667,221.6,6.7,"2020-11-24 06:59:52","2020TankerNov34"
"1087081010",115.331848333,-17.4817966667,149.5,6.8,"2020-11-24 07:59:52","2020TankerNov34"
"1087081010",115.371371667,-17.58192,217,7.2,"2020-11-24 08:59:52","2020TankerNov34"
"1087081010",115.28601,-17.6886183333,217.1,7.2,"2020-11-24 10:04:51","2020TankerNov34"
"1087081010",115.228956667,-17.7853466667,147.6,6.6,"2020-11-24 11:04:51","2020TankerNov34"
"1087081010",115.30008,-17.8846466667,142.2,7.3,"2020-11-24 12:04:51","2020TankerNov34"
"1087081010",115.34697,-17.9849816667,248.8,6.1,"2020-11-24 13:04:55","2020TankerNov34"
"1087081010",115.42251,-17.9622633333,93.5,7.4,"2020-11-24 14:08:21","2020TankerNov34"
"1087081010",115.55504,-17.9672283333,92.2,7.5,"2020-11-24 15:09:50","2020TankerNov34"
"1087081010",115.683103333,-17.97158,93.1,7.5,"2020-11-24 16:09:51","2020TankerNov34"
"1087081010",115.80473,-17.9784716667,45.9,6.2,"2020-11-24 17:09:52","2020TankerNov34"
"1087081010",115.79898,-17.8790633333,6.4,6.7,"2020-11-24 18:10:01","2020TankerNov34"
"1087081010",115.7919475,-17.76850666665,132.35,6.6,"2020-11-24 19:11:02","2020TankerNov34"
"1087081010",115.784915,-17.65795,258.3,6.5,"2020-11-24 20:12:02","2020TankerNov34"
"1087081010",115.802471667,-17.7657416667,174.3,7.2,"2020-11-24 21:14:39","2020TankerNov34"
"1087081010",115.806753333,-17.8810783333,178.8,6.8,"2020-11-24 22:14:50","2020TankerNov34"
"1087081010",115.808035,-17.9925833333,181.6,6.8,"2020-11-24 23:14:51","2020TankerNov34"
"1087081010",115.806716667,-18.10441,178.6,6.6,"2020-11-25 00:14:51","2020TankerNov34"
"1087081010",115.811323333,-18.2469333333,181.3,7.9,"2020-11-25 01:19:50","2020TankerNov34"
"1087081010",115.810115,-18.3859766667,181.1,8.6,"2020-11-25 02:19:52","2020TankerNov34"
"1087081010",115.815051667,-18.5407983333,178.3,8.5,"2020-11-25 03:24:51","2020TankerNov34"
"1087081010",115.817225,-18.697785,180.8,9.1,"2020-11-25 04:29:50","2020TankerNov34"
"1087081010",115.819583333,-18.84831,178,8.8,"2020-11-25 05:29:50","2020TankerNov34"
"1087081010",115.823045,-18.9937733333,180.2,8.8,"2020-11-25 06:29:52","2020TankerNov34"
"1087081010",115.826703333,-19.1354333333,177.5,8.4,"2020-11-25 07:29:52","2020TankerNov34"
"1087081010",115.83152,-19.2874333333,178.8,8.5,"2020-11-25 08:34:52","2020TankerNov34"
"1087081010",115.834688333,-19.4330216667,181.6,8.1,"2020-11-25 09:39:50","2020TankerNov34"
"1087081010",115.832328333,-19.5651083333,177.9,8,"2020-11-25 10:39:51","2020TankerNov34"
"1087081010",115.833973333,-19.699535,178.3,7.9,"2020-11-25 11:39:51","2020TankerNov34"
"1087081010",115.833745,-19.83025,178.4,7.7,"2020-11-25 12:39:52","2020TankerNov34"
"1087081010",115.83577,-19.9726966667,179.2,8,"2020-11-25 13:44:51","2020TankerNov34"
"1087081010",115.838821667,-20.102135,177.5,7.5,"2020-11-25 14:44:51","2020TankerNov34"
"1087081010",115.836306667,-20.2264466667,180.8,7.6,"2020-11-25 15:44:51","2020TankerNov34"
"1087081010",115.839291667,-20.3550583333,179,7.7,"2020-11-25 16:44:51","2020TankerNov34"
"1087081010",115.83906,-20.4848516667,180,7.9,"2020-11-25 17:44:51","2020TankerNov34"
"1087081010",115.839058333,-20.6239416667,178.6,7.3,"2020-11-25 18:49:52","2020TankerNov34"
"1087081010",115.755648333,-20.7123466667,232.6,7.4,"2020-11-25 19:54:51","2020TankerNov34"
"1087081010",115.647836667,-20.78364,232,9.1,"2020-11-25 20:54:52","2020TankerNov34"
"END",NA,NA,NA,NA,NA,"NA"
"1087081010",115.490148333,-20.8155833333,178.8,1.6,"2020-11-26 23:07:42","2020TankerNov35"
"1087081010",115.59709,-20.81196,63.5,8.9,"2020-11-27 00:09:57","2020TankerNov35"
"1087081010",115.811588333,-20.6731716667,49.6,16.8,"2020-11-27 01:14:56","2020TankerNov35"
"1087081010",115.840748333,-20.3713866667,358.6,19.2,"2020-11-27 02:14:56","2020TankerNov35"
"1087081010",115.835343333,-20.0187083333,359.3,19.7,"2020-11-27 03:19:56","2020TankerNov35"
"1087081010",115.833423333,-19.6617083333,359.1,19.7,"2020-11-27 04:24:56","2020TankerNov35"
"1087081010",115.831526667,-19.3376933333,355.8,19.2,"2020-11-27 05:24:56","2020TankerNov35"
"1087081010",115.827228333,-18.98735,0.8,18.7,"2020-11-27 06:29:56","2020TankerNov35"
"1087081010",115.822676667,-18.6497733333,358.4,18.9,"2020-11-27 07:34:50","2020TankerNov35"
"1087081010",115.818211667,-18.3291583333,359.1,19.4,"2020-11-27 08:34:56","2020TankerNov35"
"1087081010",115.815965,-17.985,1.3,18.7,"2020-11-27 09:39:55","2020TankerNov35"
"1087081010",115.811515,-17.6667283333,357.1,18.7,"2020-11-27 10:39:56","2020TankerNov35"
"1087081010",115.80583,-17.3614883333,359.8,18.1,"2020-11-27 11:39:56","2020TankerNov35"
"1087081010",115.802116667,-17.0546483333,0.1,18.8,"2020-11-27 12:39:56","2020TankerNov35"
"1087081010",115.7993,-16.7131516667,0.9,18.9,"2020-11-27 13:44:50","2020TankerNov35"
"1087081010",115.793765,-16.39384,359.2,18.9,"2020-11-27 14:44:56","2020TankerNov35"
"1087081010",115.787046667,-16.077825,0.8,18.7,"2020-11-27 15:44:56","2020TankerNov35"
"1087081010",115.784775,-15.7582116667,1.2,18.6,"2020-11-27 16:44:56","2020TankerNov35"
"1087081010",115.784298333,-15.4163966667,0.1,19.1,"2020-11-27 17:49:56","2020TankerNov35"
"END",NA,NA,NA,NA,NA,"NA"
"1237766987",115.802418333,-35.0610416667,304.9,12.7,"2020-11-06 02:24:58","2020TankerNov36"
"1237766987",115.586898333,-34.93686,306.2,13,"2020-11-06 03:24:58","2020TankerNov36"
"1237766987",115.367583333,-34.8106616667,303.4,13.2,"2020-11-06 04:24:58","2020TankerNov36"
"1237766987",115.144076667,-34.6832983333,304.4,13.4,"2020-11-06 05:24:58","2020TankerNov36"
"1237766987",114.92687,-34.5549833333,306.8,13.1,"2020-11-06 06:24:58","2020TankerNov36"
"1237766987",114.773455,-34.3986783333,341.4,12.4,"2020-11-06 07:24:58","2020TankerNov36"
"1237766987",114.712056667,-34.1985283333,346.6,12.5,"2020-11-06 08:24:59","2020TankerNov36"
"1237766987",114.68423,-33.979105,354.8,12.2,"2020-11-06 09:29:59","2020TankerNov36"
"1237766987",114.663581667,-33.7737116667,356,12.1,"2020-11-06 10:29:59","2020TankerNov36"
"1237766987",114.721446667,-33.5568466667,17.7,12.4,"2020-11-06 11:34:58","2020TankerNov36"
"1237766987",114.803558333,-33.34958,15.6,12.3,"2020-11-06 12:39:58","2020TankerNov36"
"1237766987",114.880575,-33.1587233333,18.5,12.1,"2020-11-06 13:39:58","2020TankerNov36"
"1237766987",114.950515,-32.9670266667,15.9,11.8,"2020-11-06 14:39:59","2020TankerNov36"
"1237766987",115.031508333,-32.7637683333,19.9,11.4,"2020-11-06 15:44:59","2020TankerNov36"
"1237766987",115.114148333,-32.56267,17.1,11.8,"2020-11-06 16:49:57","2020TankerNov36"
"1237766987",115.189111667,-32.353135,15,11.9,"2020-11-06 17:56:18","2020TankerNov36"
"1237766987",115.26745,-32.15434,20,11.9,"2020-11-06 18:59:48","2020TankerNov36"
"1237766987",115.3412,-31.9638783333,17.1,12.3,"2020-11-06 19:59:57","2020TankerNov36"
"1237766987",115.543051667,-31.93793,116,12.6,"2020-11-06 20:59:59","2020TankerNov36"
"1237766987",115.686143333,-32.02829,177.4,8.3,"2020-11-06 22:00:00","2020TankerNov36"
"1237766987",115.746935,-32.2262083333,146.4,5.9,"2020-11-06 23:04:58","2020TankerNov36"
"1237766987",115.754786667,-32.2420883333,182.4,0.1,"2020-11-07 00:07:29","2020TankerNov36"
"1237766987",115.754811667,-32.24211,182.4,0.1,"2020-11-07 01:13:28","2020TankerNov36"
"END",NA,NA,NA,NA,NA,"NA"
"1237766987",115.710405,-32.0445483333,354.9,8.7,"2020-11-12 21:39:59","2020TankerNov37"
"1237766987",115.555618333,-31.8516516667,327.4,13.6,"2020-11-12 22:44:57","2020TankerNov37"
"1237766987",115.400133333,-31.63928,334.3,13.8,"2020-11-12 23:49:58","2020TankerNov37"
"1237766987",115.23275,-31.442715,326.3,13.4,"2020-11-13 00:54:57","2020TankerNov37"
"1237766987",115.09646,-31.25807,330.6,12.9,"2020-11-13 01:54:57","2020TankerNov37"
"1237766987",114.977198333,-31.0477916667,337.8,12.9,"2020-11-13 02:59:59","2020TankerNov37"
"1237766987",114.884845,-30.8217083333,341,13.5,"2020-11-13 04:04:39","2020TankerNov37"
"1237766987",114.79774,-30.58288,341.5,12.4,"2020-11-13 05:14:48","2020TankerNov37"
"1237766987",114.722378333,-30.3758233333,344.6,12.2,"2020-11-13 06:18:29","2020TankerNov37"
"1237766987",114.64186,-30.1183183333,342.9,13.8,"2020-11-13 07:32:58","2020TankerNov37"
"1237766987",114.557171667,-29.85266,343.1,13.3,"2020-11-13 08:44:19","2020TankerNov37"
"1237766987",114.48352,-29.6252683333,346.2,13.9,"2020-11-13 09:47:03","2020TankerNov37"
"1237766987",114.402318333,-29.367105,345.7,13.7,"2020-11-13 10:56:38","2020TankerNov37"
"1237766987",114.322925,-29.1262,348,13.8,"2020-11-13 12:03:33","2020TankerNov37"
"1237766987",114.245966667,-28.8646433333,346.1,14,"2020-11-13 13:14:25","2020TankerNov37"
"1237766987",114.154368333,-28.64463,337.2,13.9,"2020-11-13 14:15:23","2020TankerNov37"
"1237766987",114.017368333,-28.3659566667,336.2,13.7,"2020-11-13 15:34:20","2020TankerNov37"
"1237766987",113.891805,-28.1205583333,334.3,13.1,"2020-11-13 16:46:50","2020TankerNov37"
"1237766987",113.763271667,-27.8605433333,338.4,13.1,"2020-11-13 18:03:41","2020TankerNov37"
"1237766987",113.647926667,-27.6266266667,337.2,12.7,"2020-11-13 19:14:42","2020TankerNov37"
"1237766987",113.537151667,-27.4051683333,339.4,12.7,"2020-11-13 20:22:49","2020TankerNov37"
"1237766987",113.443321667,-27.1933616667,336.2,13.7,"2020-11-13 21:24:33","2020TankerNov37"
"1237766987",113.30872,-26.9326866667,337.2,13.4,"2020-11-13 22:42:01","2020TankerNov37"
"1237766987",113.197128333,-26.7118116667,333.4,13.6,"2020-11-13 23:46:39","2020TankerNov37"
"1237766987",113.051608333,-26.4246433333,335.6,13.7,"2020-11-14 01:10:31","2020TankerNov37"
"1237766987",112.942275,-26.2023833333,336.6,14,"2020-11-14 02:13:36","2020TankerNov37"
"1237766987",112.788556667,-25.9366233333,336.6,13.9,"2020-11-14 03:30:01","2020TankerNov37"
"1237766987",112.679375,-25.7024133333,351.4,14.3,"2020-11-14 04:34:55","2020TankerNov37"
"1237766987",112.696285,-25.4395533333,9.4,14,"2020-11-14 05:40:30","2020TankerNov37"
"1237766987",112.754875,-25.119055,6.9,13.4,"2020-11-14 07:04:37","2020TankerNov37"
"1237766987",112.814148333,-24.8436916667,9.3,14,"2020-11-14 08:18:08","2020TankerNov37"
"1237766987",112.867085,-24.5464866667,9,13.9,"2020-11-14 09:35:51","2020TankerNov37"
"1237766987",112.9156,-24.3073966667,7.5,13.8,"2020-11-14 10:38:02","2020TankerNov37"
"1237766987",112.959005,-24.0647183333,11.1,13.4,"2020-11-14 11:42:49","2020TankerNov37"
"1237766987",113.004673333,-23.8369083333,7.6,13.5,"2020-11-14 12:44:18","2020TankerNov37"
"1237766987",113.047001667,-23.60856,9.6,14.3,"2020-11-14 13:44:55","2020TankerNov37"
"1237766987",113.096658333,-23.359325,10,14.1,"2020-11-14 14:49:38","2020TankerNov37"
"1237766987",113.14114,-23.1270433333,11.1,13.9,"2020-11-14 15:49:55","2020TankerNov37"
"1237766987",113.180055,-22.8894066667,7,14.4,"2020-11-14 16:49:56","2020TankerNov37"
"1237766987",113.215028333,-22.6507566667,7.1,14.5,"2020-11-14 17:49:56","2020TankerNov37"
"1237766987",113.27851,-22.4031533333,14.4,13.7,"2020-11-14 18:54:57","2020TankerNov37"
"1237766987",113.336926667,-22.16002,10.7,13.6,"2020-11-14 19:59:56","2020TankerNov37"
"1237766987",113.36962,-21.928545,5.8,13.9,"2020-11-14 20:59:58","2020TankerNov37"
"1237766987",113.410856667,-21.6913166667,9.7,13.8,"2020-11-14 21:59:58","2020TankerNov37"
"1237766987",113.466068333,-21.4439283333,21.8,13.7,"2020-11-14 23:04:59","2020TankerNov37"
"1237766987",113.503941667,-21.2002783333,5.8,13.8,"2020-11-15 00:09:01","2020TankerNov37"
"1237766987",113.54638,-20.966775,10.2,13.4,"2020-11-15 01:12:01","2020TankerNov37"
"1237766987",113.590118333,-20.7305266667,7.7,13.3,"2020-11-15 02:15:00","2020TankerNov37"
"1237766987",113.628035,-20.5045866667,8.6,13.8,"2020-11-15 03:15:00","2020TankerNov37"
"1237766987",113.678793333,-20.2690783333,11.9,13.4,"2020-11-15 04:19:52","2020TankerNov37"
"1237766987",113.717435,-20.0436866667,5.6,14,"2020-11-15 05:19:57","2020TankerNov37"
"1237766987",113.763066667,-19.8034233333,9.5,14.1,"2020-11-15 06:23:00","2020TankerNov37"
"1237766987",113.798385,-19.5695983333,11.9,13.9,"2020-11-15 07:23:37","2020TankerNov37"
"1237766987",113.847366667,-19.3369383333,10,14,"2020-11-15 08:24:45","2020TankerNov37"
"1237766987",113.887368333,-19.1083316667,11.7,13.3,"2020-11-15 09:24:58","2020TankerNov37"
"1237766987",113.936861667,-18.86491,5.7,13.9,"2020-11-15 10:29:54","2020TankerNov37"
"1237766987",113.976,-18.6200883333,12.1,14,"2020-11-15 11:33:25","2020TankerNov37"
"1237766987",114.02173,-18.3835616667,9.9,14,"2020-11-15 12:34:54","2020TankerNov37"
"1237766987",114.072181667,-18.1357266667,11.6,14.3,"2020-11-15 13:39:53","2020TankerNov37"
"1237766987",114.114366667,-17.9031383333,8.3,13.8,"2020-11-15 14:39:58","2020TankerNov37"
"1237766987",114.14469,-17.6556183333,5.2,13.6,"2020-11-15 15:44:57","2020TankerNov37"
"1237766987",114.190913333,-17.4339683333,12.6,13.9,"2020-11-15 16:44:58","2020TankerNov37"
"1237766987",114.238611667,-17.2117116667,12.8,13.4,"2020-11-15 17:45:00","2020TankerNov37"
"1237766987",114.285363333,-16.9631433333,10.3,14.4,"2020-11-15 18:49:57","2020TankerNov37"
"1237766987",114.33166,-16.7048666667,12.9,14.8,"2020-11-15 19:54:56","2020TankerNov37"
"1237766987",114.377028333,-16.4663466667,9.8,14.1,"2020-11-15 20:54:56","2020TankerNov37"
"1237766987",114.417678333,-16.2290133333,8.8,14.5,"2020-11-15 21:54:56","2020TankerNov37"
"1237766987",114.459493333,-15.9916433333,10.3,14.4,"2020-11-15 22:54:57","2020TankerNov37"
"1237766987",114.508266667,-15.7291566667,8.2,14.6,"2020-11-15 23:59:56","2020TankerNov37"
"1237766987",114.54935,-15.4923466667,11.8,13.9,"2020-11-16 00:59:57","2020TankerNov37"
"1237766987",114.594223333,-15.2603666667,8.9,14.5,"2020-11-16 01:59:57","2020TankerNov37"
"END",NA,NA,NA,NA,NA,"NA"
"1412162611",114.226591667,-15.18541,192.5,13.4,"2020-11-16 01:24:50","2020TankerNov38"
"1412162611",114.176953333,-15.408115,192.5,13.6,"2020-11-16 02:24:50","2020TankerNov38"
"1412162611",114.128703333,-15.624665,192.3,13,"2020-11-16 03:24:52","2020TankerNov38"
"1412162611",114.083418333,-15.838005,190.3,13.1,"2020-11-16 04:24:52","2020TankerNov38"
"1412162611",114.038473333,-16.07023,189.8,12.9,"2020-11-16 05:29:51","2020TankerNov38"
"1412162611",113.992903333,-16.28333,193.5,13.2,"2020-11-16 06:29:51","2020TankerNov38"
"1412162611",113.94283,-16.4945733333,193.2,13,"2020-11-16 07:29:51","2020TankerNov38"
"1412162611",113.885221667,-16.7197883333,194,12.6,"2020-11-16 08:35:00","2020TankerNov38"
"1412162611",113.83414,-16.9391366667,192.4,12.3,"2020-11-16 09:39:50","2020TankerNov38"
"1412162611",113.784418333,-17.1380383333,193.5,11.9,"2020-11-16 10:39:50","2020TankerNov38"
"1412162611",113.731468333,-17.3322366667,196.8,11.9,"2020-11-16 11:39:52","2020TankerNov38"
"1412162611",113.682388333,-17.5312833333,191.2,12.4,"2020-11-16 12:39:52","2020TankerNov38"
"1412162611",113.63886,-17.75337,191.8,13,"2020-11-16 13:45:00","2020TankerNov38"
"1412162611",113.584143333,-17.977665,192.4,12.3,"2020-11-16 14:49:50","2020TankerNov38"
"1412162611",113.537746667,-18.1856,194.6,13,"2020-11-16 15:49:50","2020TankerNov38"
"1412162611",113.482796667,-18.3925666667,193.4,12.9,"2020-11-16 16:49:50","2020TankerNov38"
"1412162611",113.428191667,-18.5967666667,195.3,12.4,"2020-11-16 17:49:51","2020TankerNov38"
"1412162611",113.379415,-18.8026483333,193,12.8,"2020-11-16 18:50:00","2020TankerNov38"
"1412162611",113.329235,-19.0276166667,191.7,12.7,"2020-11-16 19:55:00","2020TankerNov38"
"1412162611",113.284541667,-19.255465,188.6,12.7,"2020-11-16 21:00:00","2020TankerNov38"
"1412162611",113.241938333,-19.4817066667,191.5,12.7,"2020-11-16 22:05:00","2020TankerNov38"
"1412162611",113.192688333,-19.70367,191.9,12.6,"2020-11-16 23:09:50","2020TankerNov38"
"1412162611",113.145168333,-19.9126383333,192.2,13,"2020-11-17 00:09:50","2020TankerNov38"
"1412162611",113.09465,-20.13931,191.7,12.4,"2020-11-17 01:14:51","2020TankerNov38"
"1412162611",113.047296667,-20.3612583333,190.6,12.8,"2020-11-17 02:19:51","2020TankerNov38"
"1412162611",112.99006,-20.586635,195.8,12.3,"2020-11-17 03:24:51","2020TankerNov38"
"1412162611",112.928728333,-20.7909,195,12.7,"2020-11-17 04:25:00","2020TankerNov38"
"1412162611",112.865423333,-21.0189283333,192.9,13.2,"2020-11-17 05:29:51","2020TankerNov38"
"1412162611",112.808156667,-21.22979,195.1,13,"2020-11-17 06:29:52","2020TankerNov38"
"1412162611",112.757458333,-21.455915,190.4,13,"2020-11-17 07:34:51","2020TankerNov38"
"1412162611",112.714843333,-21.66473,189.6,12.8,"2020-11-17 08:34:51","2020TankerNov38"
"1412162611",112.675138333,-21.8854866667,190.1,11.9,"2020-11-17 09:39:50","2020TankerNov38"
"1412162611",112.636393333,-22.081385,192,12,"2020-11-17 10:39:50","2020TankerNov38"
"1412162611",112.593416667,-22.2755816667,192.7,11.6,"2020-11-17 11:40:00","2020TankerNov38"
"1412162611",112.547938333,-22.483755,190.1,11.8,"2020-11-17 12:44:50","2020TankerNov38"
"1412162611",112.504675,-22.6749066667,192.1,11.9,"2020-11-17 13:44:50","2020TankerNov38"
"1412162611",112.459316667,-22.87018,192.2,12,"2020-11-17 14:44:51","2020TankerNov38"
"1412162611",112.413815,-23.08318,190.6,12,"2020-11-17 15:49:50","2020TankerNov38"
"1412162611",112.373913333,-23.2829983333,189.2,12.4,"2020-11-17 16:49:51","2020TankerNov38"
"1412162611",112.328366667,-23.4994683333,193.1,11.9,"2020-11-17 17:54:50","2020TankerNov38"
"1412162611",112.270716667,-23.7177666667,194.8,12.05,"2020-11-17 18:59:29","2020TankerNov38"
"1412162611",112.212141667,-23.92404,196.5,12.2,"2020-11-17 19:59:51","2020TankerNov38"
"1412162611",112.145355,-24.171295,193.3,11.9,"2020-11-17 21:13:41","2020TankerNov38"
"1412162611",112.079136667,-24.3877733333,199.9,12.3,"2020-11-17 22:19:41","2020TankerNov38"
"1412162611",112.030776667,-24.592645,191.7,12.5,"2020-11-17 23:21:31","2020TankerNov38"
"1412162611",111.983708333,-24.81743,191.6,12.5,"2020-11-18 00:27:52","2020TankerNov38"
"1412162611",111.934348333,-25.0417416667,191.1,12.9,"2020-11-18 01:34:02","2020TankerNov38"
"1412162611",111.87846,-25.2913816667,189.4,12.5,"2020-11-18 02:45:50","2020TankerNov38"
"1412162611",111.827191667,-25.5085666667,192.6,12.6,"2020-11-18 03:49:49","2020TankerNov38"
"1412162611",111.768395,-25.7320116667,192,13.4,"2020-11-18 04:54:40","2020TankerNov38"
"1412162611",111.749768333,-25.9481716667,162,13.5,"2020-11-18 05:54:51","2020TankerNov38"
"1412162611",111.826788333,-26.1641583333,160.9,13.9,"2020-11-18 06:54:59","2020TankerNov38"
"1412162611",111.909048333,-26.39128,163.6,12.8,"2020-11-18 07:59:50","2020TankerNov38"
"1412162611",111.984213333,-26.60997,160.2,12.6,"2020-11-18 09:04:59","2020TankerNov38"
"1412162611",112.068858333,-26.8732833333,165.8,12.1,"2020-11-18 10:24:00","2020TankerNov38"
"1412162611",112.143175,-27.0918916667,161.8,12.4,"2020-11-18 11:31:29","2020TankerNov38"
"1412162611",112.21766,-27.3271583333,162.7,12.6,"2020-11-18 12:42:20","2020TankerNov38"
"1412162611",112.303961667,-27.5623,161.5,13.2,"2020-11-18 13:51:10","2020TankerNov38"
"1412162611",112.394983333,-27.8158583333,164,12.9,"2020-11-18 15:03:51","2020TankerNov38"
"1412162611",112.46306,-28.042085,173.3,12.3,"2020-11-18 16:09:30","2020TankerNov38"
"1412162611",112.50678,-28.2809966667,159.7,12.1,"2020-11-18 17:19:32","2020TankerNov38"
"1412162611",112.615896667,-28.5138933333,153.7,13,"2020-11-18 18:31:20","2020TankerNov38"
"1412162611",112.706506667,-28.7226866667,160.1,12.1,"2020-11-18 19:35:51","2020TankerNov38"
"1412162611",112.795801667,-28.9507083333,162.1,12,"2020-11-18 20:48:11","2020TankerNov38"
"1412162611",112.869925,-29.1587966667,165.8,12.4,"2020-11-18 21:52:20","2020TankerNov38"
"1412162611",112.930525,-29.3685666667,167.5,12.6,"2020-11-18 22:54:10","2020TankerNov38"
"1412162611",113.001381667,-29.60865,164.4,12.7,"2020-11-19 00:03:00","2020TankerNov38"
"1412162611",113.08506,-29.8465233333,163.6,12.9,"2020-11-19 01:12:21","2020TankerNov38"
"1412162611",113.166778333,-30.0874366667,164.9,13.1,"2020-11-19 02:21:51","2020TankerNov38"
"1412162611",113.256761667,-30.341215,162.2,14,"2020-11-19 03:32:03","2020TankerNov38"
"1412162611",113.360151667,-30.6118516667,162.9,14.6,"2020-11-19 04:43:03","2020TankerNov38"
"1412162611",113.45884,-30.854225,160.9,13.9,"2020-11-19 05:47:57","2020TankerNov38"
"1412162611",113.560296667,-31.12978,160.3,14,"2020-11-19 07:01:53","2020TankerNov38"
"1412162611",113.645526667,-31.3613583333,162.8,13.8,"2020-11-19 08:04:40","2020TankerNov38"
"1412162611",113.733891667,-31.6336366667,164.8,13.6,"2020-11-19 09:18:14","2020TankerNov38"
"1412162611",113.819928333,-31.9259133333,169.7,13.3,"2020-11-19 10:39:15","2020TankerNov38"
"1412162611",113.910528333,-32.1584516667,158.4,13.9,"2020-11-19 11:44:44","2020TankerNov38"
"1412162611",114.007093333,-32.3921566667,159.5,14.1,"2020-11-19 12:47:31","2020TankerNov38"
"1412162611",114.096386667,-32.6318866667,163.9,13.6,"2020-11-19 13:52:28","2020TankerNov38"
"1412162611",114.178236667,-32.872915,164.8,14,"2020-11-19 14:57:28","2020TankerNov38"
"1412162611",114.254263333,-33.1130633333,166.3,14.4,"2020-11-19 15:59:56","2020TankerNov38"
"1412162611",114.332803333,-33.3598316667,161.3,14.5,"2020-11-19 17:02:39","2020TankerNov38"
"1412162611",114.424401667,-33.5871916667,159.5,13.6,"2020-11-19 18:04:56","2020TankerNov38"
"1412162611",114.525063333,-33.8159716667,160.7,13,"2020-11-19 19:09:55","2020TankerNov38"
"1412162611",114.595183333,-34.04193,166.8,13.2,"2020-11-19 20:14:53","2020TankerNov38"
"1412162611",114.663213333,-34.2533683333,165.5,13.4,"2020-11-19 21:14:55","2020TankerNov38"
"1412162611",114.739795,-34.4905133333,165.7,13.7,"2020-11-19 22:19:58","2020TankerNov38"
"1412162611",114.982545,-34.6430683333,122.2,14,"2020-11-19 23:24:54","2020TankerNov38"
"1412162611",115.214706667,-34.7777683333,125.1,14,"2020-11-20 00:24:54","2020TankerNov38"
"1412162611",115.445866667,-34.9134783333,124.9,14,"2020-11-20 01:24:54","2020TankerNov38"
"1412162611",115.677503333,-35.0507366667,123.5,14.3,"2020-11-20 02:24:56","2020TankerNov38"
"END",NA,NA,NA,NA,NA,"NA"
"1494702285",105.168591667,-31.377235,91.4,12.9,"2020-11-14 00:46:51","2020TankerNov39"
"1494702285",105.428733333,-31.37741,89.5,12.6,"2020-11-14 01:49:12","2020TankerNov39"
"1494702285",105.685528333,-31.37881,87.4,12.4,"2020-11-14 02:53:22","2020TankerNov39"
"1494702285",105.960036667,-31.3741083333,90.7,12.2,"2020-11-14 04:02:30","2020TankerNov39"
"1494702285",106.2042,-31.3766383333,87.6,12.1,"2020-11-14 05:04:32","2020TankerNov39"
"1494702285",106.496618333,-31.3778366667,91.6,12.4,"2020-11-14 06:18:41","2020TankerNov39"
"1494702285",106.835023333,-31.36905,90.2,12.2,"2020-11-14 07:43:21","2020TankerNov39"
"1494702285",107.093823333,-31.3699433333,90.3,12.2,"2020-11-14 08:49:10","2020TankerNov39"
"1494702285",107.348033333,-31.366965,88.9,12.5,"2020-11-14 09:52:40","2020TankerNov39"
"1494702285",107.646398333,-31.3836283333,95.5,12.1,"2020-11-14 11:07:31","2020TankerNov39"
"1494702285",107.915901667,-31.40362,93.7,11.8,"2020-11-14 12:17:20","2020TankerNov39"
"1494702285",108.190393333,-31.42316,95.9,11.4,"2020-11-14 13:30:50","2020TankerNov39"
"1494702285",108.452745,-31.440245,99.9,11.4,"2020-11-14 14:41:10","2020TankerNov39"
"1494702285",108.708105,-31.4601366667,94.2,11.5,"2020-11-14 15:49:50","2020TankerNov39"
"1494702285",109.0148,-31.4809383333,95.5,12,"2020-11-14 17:09:31","2020TankerNov39"
"1494702285",109.278458333,-31.5007066667,94.1,11.5,"2020-11-14 18:18:40","2020TankerNov39"
"1494702285",109.536293333,-31.51311,90.9,11.7,"2020-11-14 19:26:40","2020TankerNov39"
"1494702285",109.80811,-31.53137,95.1,12.2,"2020-11-14 20:36:00","2020TankerNov39"
"1494702285",110.121295,-31.5593766667,95.4,12,"2020-11-14 21:55:32","2020TankerNov39"
"1494702285",110.387456667,-31.5785533333,95,12.6,"2020-11-14 23:01:31","2020TankerNov39"
"1494702285",110.665608333,-31.5930783333,91.7,12.8,"2020-11-15 00:08:51","2020TankerNov39"
"1494702285",110.940701667,-31.61385,93.6,13.1,"2020-11-15 01:14:42","2020TankerNov39"
"1494702285",111.201257,-31.630985,94.1,13.4,"2020-11-15 02:14:47","2020TankerNov39"
"1494702285",111.470826667,-31.652175,96.3,13.6,"2020-11-15 03:16:51","2020TankerNov39"
"1494702285",111.781293333,-31.6720266667,94.9,13.1,"2020-11-15 04:28:11","2020TankerNov39"
"1494702285",112.057895,-31.6932966667,97.7,12.8,"2020-11-15 05:33:30","2020TankerNov39"
"1494702285",112.309525,-31.705123,92.6,12.7,"2020-11-15 06:34:07","2020TankerNov39"
"1494702285",112.614375,-31.7232033333,93.6,12.4,"2020-11-15 07:49:41","2020TankerNov39"
"1494702285",112.901933333,-31.7512816667,93.5,12.3,"2020-11-15 09:02:31","2020TankerNov39"
"1494702285",113.14882,-31.769825,94.2,12.5,"2020-11-15 10:04:01","2020TankerNov39"
"1494702285",113.448733333,-31.7934783333,95.9,12.3,"2020-11-15 11:18:39","2020TankerNov39"
"1494702285",113.689756667,-31.8065283333,95.4,12.4,"2020-11-15 12:18:49","2020TankerNov39"
"1494702285",114.01081,-31.8299216667,96.8,12.1,"2020-11-15 13:39:50","2020TankerNov39"
"1494702285",114.276251667,-31.84273,93.7,12.3,"2020-11-15 14:47:50","2020TankerNov39"
"1494702285",114.550285,-31.86249,96.1,12.9,"2020-11-15 15:54:59","2020TankerNov39"
"1494702285",114.826525,-31.8815816667,93.5,13.5,"2020-11-15 16:59:51","2020TankerNov39"
"1494702285",115.108733333,-31.9045216667,94.9,12.6,"2020-11-15 18:04:59","2020TankerNov39"
"1494702285",115.316543333,-31.9140566667,122,4.8,"2020-11-15 19:09:50","2020TankerNov39"
"1494702285",115.380355,-31.9188666667,67,8.9,"2020-11-15 20:09:52","2020TankerNov39"
"1494702285",115.587485,-31.91115,90.6,6.5,"2020-11-15 21:14:40","2020TankerNov39"
"END",NA,NA,NA,NA,NA,"NA"
"1528545175",115.924411667,-35.13307,303.1,11.3,"2020-11-09 03:24:52","2020TankerNov40"
"1528545175",115.731886667,-35.0236216667,306,11.5,"2020-11-09 04:24:54","2020TankerNov40"
"1528545175",115.522461667,-34.8963,304.8,11.9,"2020-11-09 05:29:53","2020TankerNov40"
"1528545175",115.310063333,-34.770245,306,12.2,"2020-11-09 06:34:52","2020TankerNov40"
"1528545175",115.103563333,-34.6485416667,303.3,12.7,"2020-11-09 07:34:53","2020TankerNov40"
"1528545175",114.877885,-34.5216416667,298.3,12.4,"2020-11-09 08:39:53","2020TankerNov40"
"1528545175",114.751071667,-34.324695,342.8,13.2,"2020-11-09 09:44:52","2020TankerNov40"
"1528545175",114.688676667,-34.1124966667,356.8,13,"2020-11-09 10:44:53","2020TankerNov40"
"1528545175",114.645028333,-33.8725266667,340,13.5,"2020-11-09 11:49:53","2020TankerNov40"
"1528545175",114.554983333,-33.66933,340.1,13,"2020-11-09 12:49:53","2020TankerNov40"
"1528545175",114.501948333,-33.4679,358.8,12.5,"2020-11-09 13:49:53","2020TankerNov40"
"1528545175",114.495928333,-33.2637216667,356.7,12,"2020-11-09 14:49:53","2020TankerNov40"
"1528545175",114.485845,-33.0655333333,358,11.5,"2020-11-09 15:49:53","2020TankerNov40"
"1528545175",114.469328333,-32.8705616667,0.5,11.7,"2020-11-09 16:49:53","2020TankerNov40"
"1528545175",114.460353333,-32.6675333333,359.2,11.4,"2020-11-09 17:52:54","2020TankerNov40"
"1528545175",114.450571667,-32.4465066667,359.9,12.1,"2020-11-09 19:01:34","2020TankerNov40"
"1528545175",114.433443333,-32.227595,348.5,11.9,"2020-11-09 20:08:12","2020TankerNov40"
"1528545175",114.4128,-31.9941716667,349.8,12.1,"2020-11-09 21:18:34","2020TankerNov40"
"1528545175",114.369096667,-31.7800883333,348.7,12.2,"2020-11-09 22:21:04","2020TankerNov40"
"1528545175",114.277881667,-31.5084916667,339.2,11.9,"2020-11-09 23:45:34","2020TankerNov40"
"1528545175",114.175758333,-31.3039983333,329.3,11.7,"2020-11-10 00:54:35","2020TankerNov40"
"1528545175",114.048036667,-31.1180716667,326.2,11.3,"2020-11-10 02:02:55","2020TankerNov40"
"1528545175",113.831908333,-31.0193633333,295.3,11.3,"2020-11-10 03:11:32","2020TankerNov40"
"1528545175",113.604716667,-30.9175216667,298.2,10.6,"2020-11-10 04:22:23","2020TankerNov40"
"1528545175",113.486998333,-30.7262983333,352.4,13.6,"2020-11-10 05:33:17","2020TankerNov40"
"1528545175",113.460771667,-30.49031,356.2,13.7,"2020-11-10 06:35:30","2020TankerNov40"
"1528545175",113.422761667,-30.157585,350.9,13.4,"2020-11-10 08:03:48","2020TankerNov40"
"1528545175",113.396971667,-29.93083,350.2,12.8,"2020-11-10 09:07:18","2020TankerNov40"
"1528545175",113.34555,-29.7173166667,343,13.3,"2020-11-10 10:07:57","2020TankerNov40"
"1528545175",113.2916116665,-29.5464141667,343.55,13.5,"2020-11-10 10:54:49","2020TankerNov40"
"1528545175",113.237673333,-29.3755116667,344.1,13.7,"2020-11-10 11:40:49","2020TankerNov40"
"1528545175",113.17438,-29.1527433333,349.5,13.6,"2020-11-10 12:41:01","2020TankerNov40"
"1528545175",113.102705,-28.8586016667,352.5,13.2,"2020-11-10 14:02:21","2020TankerNov40"
"1528545175",113.040138333,-28.6222883333,343.1,13.5,"2020-11-10 15:07:41","2020TankerNov40"
"1528545175",112.958076667,-28.398585,341.9,13.3,"2020-11-10 16:10:21","2020TankerNov40"
"1528545175",112.862328333,-28.1279266667,342.4,13.1,"2020-11-10 17:26:10","2020TankerNov40"
"1528545175",112.779623333,-27.876965,342.3,13,"2020-11-10 18:38:22","2020TankerNov40"
"1528545175",112.712083333,-27.6435033333,351.4,11.7,"2020-11-10 19:48:11","2020TankerNov40"
"1528545175",112.672566667,-27.4236683333,345.3,12.3,"2020-11-10 20:53:51","2020TankerNov40"
"1528545175",112.601226667,-27.1918433333,343.2,12.2,"2020-11-10 22:03:42","2020TankerNov40"
"1528545175",112.528245,-26.9289016667,352.5,12.1,"2020-11-10 23:23:42","2020TankerNov40"
"1528545175",112.444903333,-26.7093716667,342.6,12.4,"2020-11-11 00:32:42","2020TankerNov40"
"1528545175",112.358868333,-26.4794566667,341,12.3,"2020-11-11 01:42:32","2020TankerNov40"
"1528545175",112.266466667,-26.2502383333,338.5,12.6,"2020-11-11 02:51:31","2020TankerNov40"
"1528545175",112.19419,-26.0451066667,343.6,13.1,"2020-11-11 03:51:50","2020TankerNov40"
"1528545175",112.14111,-25.8902491667,343.35,13.05,"2020-11-11 04:37:00","2020TankerNov40"
"1528545175",112.08803,-25.7353916667,343.1,13,"2020-11-11 05:22:00","2020TankerNov40"
"1528545175",112.017206667,-25.4972566667,346.6,12.6,"2020-11-11 06:31:32","2020TankerNov40"
"1528545175",111.974598333,-25.2401883333,359.6,12.8,"2020-11-11 07:44:22","2020TankerNov40"
"1528545175",111.973535,-25.00792,0.4,11.7,"2020-11-11 08:53:00","2020TankerNov40"
"1528545175",111.98618,-24.799965,2.1,12.1,"2020-11-11 09:56:01","2020TankerNov40"
"1528545175",112.000606667,-24.5583,1.7,12.6,"2020-11-11 11:07:10","2020TankerNov40"
"1528545175",112.013493333,-24.3067166667,4,13.3,"2020-11-11 12:18:20","2020TankerNov40"
"1528545175",112.024311667,-24.0775233333,2.6,14.3,"2020-11-11 13:18:37","2020TankerNov40"
"1528545175",112.039031667,-23.84135,5.2,13.7,"2020-11-11 14:19:17","2020TankerNov40"
"1528545175",112.055696667,-23.6133066667,2.9,13.4,"2020-11-11 15:19:25","2020TankerNov40"
"1528545175",112.067495,-23.3677716667,4.8,13.4,"2020-11-11 16:24:54","2020TankerNov40"
"1528545175",112.089103333,-23.12685,3.2,13.6,"2020-11-11 17:28:45","2020TankerNov40"
"1528545175",112.097933333,-22.8983766667,1.2,13.5,"2020-11-11 18:29:45","2020TankerNov40"
"1528545175",112.103223333,-22.653315,15.9,13.9,"2020-11-11 19:34:55","2020TankerNov40"
"1528545175",112.165873333,-22.411125,13.4,13.6,"2020-11-11 20:39:52","2020TankerNov40"
"1528545175",112.21956,-22.1912066667,16.1,13.5,"2020-11-11 21:39:52","2020TankerNov40"
"1528545175",112.283935,-21.9629683333,13.7,14.5,"2020-11-11 22:39:58","2020TankerNov40"
"1528545175",112.342768333,-21.7323033333,13,14.1,"2020-11-11 23:39:58","2020TankerNov40"
"1528545175",112.414066667,-21.4911216667,15.6,13.7,"2020-11-12 00:44:59","2020TankerNov40"
"1528545175",112.480708333,-21.25308,13,13.2,"2020-11-12 01:49:58","2020TankerNov40"
"1528545175",112.533763333,-21.0319733333,13.1,13.6,"2020-11-12 02:49:59","2020TankerNov40"
"1528545175",112.602403333,-20.8156933333,17.2,13.3,"2020-11-12 03:50:00","2020TankerNov40"
"1528545175",112.663275,-20.5743633333,12.9,13.5,"2020-11-12 04:54:56","2020TankerNov40"
"1528545175",112.724478333,-20.3368816667,14.4,13.8,"2020-11-12 05:59:43","2020TankerNov40"
"1528545175",112.785708333,-20.1144516667,15.3,13.8,"2020-11-12 06:59:57","2020TankerNov40"
"1528545175",112.851768333,-19.881855,15.1,13.2,"2020-11-12 08:04:56","2020TankerNov40"
"1528545175",112.924111667,-19.6439216667,13.5,13.9,"2020-11-12 09:09:55","2020TankerNov40"
"1528545175",112.97197,-19.4260816667,10.2,13,"2020-11-12 10:09:56","2020TankerNov40"
"1528545175",113.022561667,-19.2129566667,13.3,13.4,"2020-11-12 11:09:56","2020TankerNov40"
"1528545175",113.084415,-18.982025,15.3,13.3,"2020-11-12 12:14:55","2020TankerNov40"
"1528545175",113.146905,-18.7436,13.3,14.1,"2020-11-12 13:19:49","2020TankerNov40"
"1528545175",113.200851667,-18.518235,15.6,13.8,"2020-11-12 14:19:51","2020TankerNov40"
"1528545175",113.267578333,-18.293565,16.1,13.9,"2020-11-12 15:19:59","2020TankerNov40"
"1528545175",113.327073333,-18.0625833333,12.3,14.5,"2020-11-12 16:19:59","2020TankerNov40"
"1528545175",113.385403333,-17.825285,13.5,14.6,"2020-11-12 17:19:59","2020TankerNov40"
"1528545175",113.444303333,-17.58595,13.3,15,"2020-11-12 18:19:59","2020TankerNov40"
"1528545175",113.513028333,-17.341315,14.9,15.2,"2020-11-12 19:19:59","2020TankerNov40"
"1528545175",113.584585,-17.100055,16.2,15.1,"2020-11-12 20:19:59","2020TankerNov40"
"1528545175",113.654585,-16.8438883333,13.9,14.5,"2020-11-12 21:24:59","2020TankerNov40"
"1528545175",113.720975,-16.5859283333,12.2,15,"2020-11-12 22:29:59","2020TankerNov40"
"1528545175",113.776613333,-16.340895,17,15.5,"2020-11-12 23:29:59","2020TankerNov40"
"1528545175",113.847001667,-16.1033916667,14.5,14.1,"2020-11-13 00:29:59","2020TankerNov40"
"1528545175",113.912883333,-15.85884,14,13.8,"2020-11-13 01:34:56","2020TankerNov40"
"1528545175",113.969163333,-15.6175216667,10.4,13.6,"2020-11-13 02:39:55","2020TankerNov40"
"1528545175",114.015435,-15.4004583333,14.9,13,"2020-11-13 03:39:56","2020TankerNov40"
"END",NA,NA,NA,NA,NA,"NA"
"1891976374",114.177601667,-15.17086,194.2,12.5,"2020-11-17 14:34:51","2020TankerNov41"
"1891976374",114.128653333,-15.373575,193.6,12.6,"2020-11-17 15:35:00","2020TankerNov41"
"1891976374",114.078061667,-15.5877833333,192.3,12,"2020-11-17 16:39:52","2020TankerNov41"
"1891976374",114.029671667,-15.80017,192.3,12.1,"2020-11-17 17:44:51","2020TankerNov41"
"1891976374",113.983245,-15.9953833333,193.8,11.6,"2020-11-17 18:44:51","2020TankerNov41"
"1891976374",113.940683333,-16.1861683333,191.4,11.4,"2020-11-17 19:44:51","2020TankerNov41"
"1891976374",113.88953,-16.3790316667,197.5,11.9,"2020-11-17 20:44:51","2020TankerNov41"
"1891976374",113.847941667,-16.5691633333,186.9,11.6,"2020-11-17 21:45:00","2020TankerNov41"
"1891976374",113.80878,-16.77574,195.7,11.3,"2020-11-17 22:49:50","2020TankerNov41"
"1891976374",113.755571667,-16.9595233333,192.4,11.5,"2020-11-17 23:49:52","2020TankerNov41"
"1891976374",113.704751667,-17.1398616667,194.4,11.2,"2020-11-18 00:50:00","2020TankerNov41"
"1891976374",113.66799,-17.32249,193.3,11.1,"2020-11-18 01:50:00","2020TankerNov41"
"1891976374",113.620278333,-17.5220333333,192.2,11.2,"2020-11-18 02:54:50","2020TankerNov41"
"1891976374",113.577475,-17.710525,190.7,11.7,"2020-11-18 03:54:51","2020TankerNov41"
"1891976374",113.525308333,-17.8935183333,190.6,11.5,"2020-11-18 04:54:52","2020TankerNov41"
"1891976374",113.483491667,-18.0994883333,193.3,11.7,"2020-11-18 06:00:00","2020TankerNov41"
"1891976374",113.43115,-18.3045666667,193.3,11.6,"2020-11-18 07:04:31","2020TankerNov41"
"1891976374",113.38476,-18.4959166667,193.9,11.8,"2020-11-18 08:04:50","2020TankerNov41"
"1891976374",113.341543333,-18.6850866667,190,11.3,"2020-11-18 09:04:50","2020TankerNov41"
"1891976374",113.302903333,-18.87799,190.9,11.7,"2020-11-18 10:04:52","2020TankerNov41"
"1891976374",113.258968333,-19.0664883333,196.1,11.6,"2020-11-18 11:05:00","2020TankerNov41"
"1891976374",113.200673333,-19.2705866667,192.5,11.8,"2020-11-18 12:09:41","2020TankerNov41"
"1891976374",113.160285,-19.4663566667,196,11.9,"2020-11-18 13:09:51","2020TankerNov41"
"1891976374",113.10619,-19.677235,192.5,12.2,"2020-11-18 14:14:50","2020TankerNov41"
"1891976374",113.057815,-19.8747266667,193.4,12.2,"2020-11-18 15:14:51","2020TankerNov41"
"1891976374",113.011498333,-20.0701883333,192.5,12.1,"2020-11-18 16:14:51","2020TankerNov41"
"1891976374",112.963216667,-20.26999,194.2,12.5,"2020-11-18 17:14:51","2020TankerNov41"
"1891976374",112.914191667,-20.4755166667,191.7,12.4,"2020-11-18 18:14:51","2020TankerNov41"
"1891976374",112.862238333,-20.683425,193.7,13.1,"2020-11-18 19:14:51","2020TankerNov41"
"1891976374",112.810115,-20.8896133333,192.5,12,"2020-11-18 20:14:51","2020TankerNov41"
"1891976374",112.754766667,-21.1053733333,191.8,12.3,"2020-11-18 21:19:51","2020TankerNov41"
"1891976374",112.708236667,-21.30424,188.8,12.2,"2020-11-18 22:19:51","2020TankerNov41"
"1891976374",112.662138333,-21.516475,192.9,11.7,"2020-11-18 23:24:52","2020TankerNov41"
"1891976374",112.609148333,-21.7258433333,192.7,12,"2020-11-19 00:29:59","2020TankerNov41"
"1891976374",112.550946667,-21.9224683333,192.3,11.4,"2020-11-19 01:34:51","2020TankerNov41"
"1891976374",112.511286667,-22.111265,190.9,11.4,"2020-11-19 02:34:51","2020TankerNov41"
"1891976374",112.464675,-22.3131083333,192.2,11.1,"2020-11-19 03:39:50","2020TankerNov41"
"1891976374",112.426235,-22.4723966667,194.1,3.1,"2020-11-19 04:40:00","2020TankerNov41"
"1891976374",112.422006667,-22.4635866667,332.9,1.6,"2020-11-19 05:44:51","2020TankerNov41"
"1891976374",112.398283333,-22.5943233333,186,11.6,"2020-11-19 06:44:59","2020TankerNov41"
"1891976374",112.348835,-22.8050716667,193,11.9,"2020-11-19 07:49:52","2020TankerNov41"
"1891976374",112.293985,-23.01426,193.5,12,"2020-11-19 08:54:51","2020TankerNov41"
"1891976374",112.243678333,-23.2077783333,192.2,12.3,"2020-11-19 09:54:51","2020TankerNov41"
"1891976374",112.200253333,-23.408525,191.8,12,"2020-11-19 10:54:52","2020TankerNov41"
"1891976374",112.142698333,-23.6191666667,194.3,12.1,"2020-11-19 12:00:00","2020TankerNov41"
"1891976374",112.088098333,-23.847915,193.4,11.9,"2020-11-19 13:09:51","2020TankerNov41"
"1891976374",112.040143333,-24.0406966667,193.1,12.4,"2020-11-19 14:10:00","2020TankerNov41"
"1891976374",111.989621667,-24.24869,192.5,11.5,"2020-11-19 15:14:51","2020TankerNov41"
"1891976374",111.941726667,-24.43907,196.4,11.6,"2020-11-19 16:14:51","2020TankerNov41"
"1891976374",111.928815,-24.6363116667,179.8,12.3,"2020-11-19 17:14:59","2020TankerNov41"
"1891976374",111.927616667,-24.8546083333,180.5,12.4,"2020-11-19 18:19:39","2020TankerNov41"
"1891976374",111.927155,-25.0595883333,181,12,"2020-11-19 19:19:51","2020TankerNov41"
"1891976374",111.929175,-25.279815,177.9,12.3,"2020-11-19 20:24:50","2020TankerNov41"
"1891976374",111.947931667,-25.4839783333,170.1,12.4,"2020-11-19 21:24:51","2020TankerNov41"
"1891976374",111.997281667,-25.7019133333,166.7,12.5,"2020-11-19 22:29:50","2020TankerNov41"
"1891976374",112.063898333,-25.9179033333,158.3,12.4,"2020-11-19 23:34:41","2020TankerNov41"
"1891976374",112.137881667,-26.1349133333,163.5,12.7,"2020-11-20 00:39:50","2020TankerNov41"
"1891976374",112.224261667,-26.424505,167,13.3,"2020-11-20 02:02:01","2020TankerNov41"
"1891976374",112.294111667,-26.6475083333,164.9,12.7,"2020-11-20 03:06:02","2020TankerNov41"
"1891976374",112.370095,-26.9021283333,164.2,13.4,"2020-11-20 04:18:41","2020TankerNov41"
"1891976374",112.445746667,-27.1561166667,165.2,14.1,"2020-11-20 05:27:53","2020TankerNov41"
"1891976374",112.518805,-27.4028633333,163.4,13.9,"2020-11-20 06:33:41","2020TankerNov41"
"1891976374",112.603638333,-27.673635,165,13.5,"2020-11-20 07:47:12","2020TankerNov41"
"1891976374",112.667111667,-27.9059633333,166.1,13.3,"2020-11-20 08:50:37","2020TankerNov41"
"1891976374",112.741168333,-28.169445,162,13.3,"2020-11-20 10:02:57","2020TankerNov41"
"1891976374",112.841611667,-28.4471083333,165.9,12.6,"2020-11-20 11:23:47","2020TankerNov41"
"1891976374",112.90933,-28.6790033333,164.2,12.2,"2020-11-20 12:33:16","2020TankerNov41"
"1891976374",112.980901667,-28.9091633333,164.2,11.9,"2020-11-20 13:43:58","2020TankerNov41"
"1891976374",113.046886667,-29.1311283333,163,11.7,"2020-11-20 14:53:09","2020TankerNov41"
"1891976374",113.116365,-29.357465,163.7,12.2,"2020-11-20 16:02:57","2020TankerNov41"
"1891976374",113.183028333,-29.5708166667,164.15,12.1,"2020-11-20 17:08:47","2020TankerNov41"
"1891976374",113.258163333,-29.8154433333,164.6,12,"2020-11-20 18:23:38","2020TankerNov41"
"1891976374",113.321065,-30.0352183333,164.8,12.3,"2020-11-20 19:29:57","2020TankerNov41"
"1891976374",113.378043333,-30.2607666667,168.2,13.6,"2020-11-20 20:33:58","2020TankerNov41"
"1891976374",113.462395,-30.485685,159.6,14.3,"2020-11-20 21:34:17","2020TankerNov41"
"1891976374",113.550881667,-30.7449583333,164.6,13.3,"2020-11-20 22:44:28","2020TankerNov41"
"1891976374",113.617978333,-30.9701483333,165.7,12.8,"2020-11-20 23:48:37","2020TankerNov41"
"1891976374",113.68314,-31.178075,166.7,12.6,"2020-11-21 00:49:16","2020TankerNov41"
"1891976374",113.752201667,-31.3981666667,166.2,13.1,"2020-11-21 01:52:46","2020TankerNov41"
"1891976374",113.825116667,-31.6255116667,168.5,13,"2020-11-21 02:57:25","2020TankerNov41"
"1891976374",113.885263333,-31.8378116667,163.6,12.6,"2020-11-21 03:58:57","2020TankerNov41"
"1891976374",113.955608333,-32.0433916667,163.6,12.2,"2020-11-21 04:59:56","2020TankerNov41"
"1891976374",114.030245,-32.2565566667,163.9,12.2,"2020-11-21 06:04:57","2020TankerNov41"
"1891976374",114.113103333,-32.5105583333,162.3,12.1,"2020-11-21 07:23:05","2020TankerNov41"
"1891976374",114.178446667,-32.72895,167.1,12,"2020-11-21 08:30:56","2020TankerNov41"
"1891976374",114.231938333,-32.9467483333,169.7,13,"2020-11-21 09:34:55","2020TankerNov41"
"1891976374",114.308051667,-33.1704866667,157.7,12.5,"2020-11-21 10:39:56","2020TankerNov41"
"1891976374",114.383296667,-33.378615,162,11.3,"2020-11-21 11:44:55","2020TankerNov41"
"1891976374",114.45063,-33.5813483333,163,11.6,"2020-11-21 12:49:56","2020TankerNov41"
"1891976374",114.508026667,-33.76888,166.8,11.6,"2020-11-21 13:49:57","2020TankerNov41"
"1891976374",114.572501667,-33.96665,165.8,12,"2020-11-21 14:54:55","2020TankerNov41"
"1891976374",114.638273333,-34.162875,163.2,12.6,"2020-11-21 15:54:55","2020TankerNov41"
"1891976374",114.701325,-34.37199,170.3,13.1,"2020-11-21 16:54:56","2020TankerNov41"
"1891976374",114.823256667,-34.55271,128,13.1,"2020-11-21 17:54:56","2020TankerNov41"
"1891976374",115.057073333,-34.69022,127.3,13.1,"2020-11-21 18:59:56","2020TankerNov41"
"1891976374",115.271305,-34.820285,128.9,13,"2020-11-21 19:59:56","2020TankerNov41"
"1891976374",115.48272,-34.956225,129.5,12.9,"2020-11-21 20:59:56","2020TankerNov41"
"1891976374",115.688976667,-35.0851633333,123.7,12.5,"2020-11-21 21:59:56","2020TankerNov41"
"END",NA,NA,NA,NA,NA,"NA"
"1910856484",108.617631667,-15.172715,162.2,13,"2020-11-21 14:34:55","2020TankerNov42"
"1910856484",108.691936667,-15.39848,162.3,13,"2020-11-21 15:39:55","2020TankerNov42"
"1910856484",108.777208333,-15.65402,162.2,13.1,"2020-11-21 16:54:24","2020TankerNov42"
"1910856484",108.848943333,-15.8877466667,163.1,13.6,"2020-11-21 17:59:55","2020TankerNov42"
"1910856484",108.921685,-16.112935,162.6,14.4,"2020-11-21 18:59:56","2020TankerNov42"
"1910856484",109.005468333,-16.35905,160.3,14.1,"2020-11-21 20:04:44","2020TankerNov42"
"1910856484",109.080813333,-16.5829833333,161.2,13.9,"2020-11-21 21:04:55","2020TankerNov42"
"1910856484",109.160943333,-16.8206883333,163.1,13.6,"2020-11-21 22:09:53","2020TankerNov42"
"1910856484",109.237485,-17.054895,164.3,13.5,"2020-11-21 23:14:51","2020TankerNov42"
"1910856484",109.306943333,-17.2685483333,162.3,13.2,"2020-11-22 00:14:52","2020TankerNov42"
"1910856484",109.377665,-17.4781616667,161.5,13.4,"2020-11-22 01:14:53","2020TankerNov42"
"1910856484",109.454558333,-17.7086666667,163.3,13.3,"2020-11-22 02:19:52","2020TankerNov42"
"1910856484",109.527645,-17.9215283333,161.3,13.4,"2020-11-22 03:19:53","2020TankerNov42"
"1910856484",109.599045,-18.1275716667,163,12.8,"2020-11-22 04:19:54","2020TankerNov42"
"1910856484",109.666728333,-18.3474533333,161.7,12.4,"2020-11-22 05:24:52","2020TankerNov42"
"1910856484",109.737913333,-18.5630716667,161.7,12.4,"2020-11-22 06:29:52","2020TankerNov42"
"1910856484",109.80933,-18.778275,162.2,12.3,"2020-11-22 07:34:52","2020TankerNov42"
"1910856484",109.877165,-18.99192,163,12.2,"2020-11-22 08:39:52","2020TankerNov42"
"1910856484",109.944175,-19.187615,163.6,12.3,"2020-11-22 09:39:53","2020TankerNov42"
"1910856484",110.018151667,-19.39617,160.7,12.1,"2020-11-22 10:44:52","2020TankerNov42"
"1910856484",110.08179,-19.588885,165.1,12.1,"2020-11-22 11:44:52","2020TankerNov42"
"1910856484",110.150455,-19.7800066667,157.6,11.7,"2020-11-22 12:44:52","2020TankerNov42"
"1910856484",110.214506667,-19.967765,164,11.6,"2020-11-22 13:44:52","2020TankerNov42"
"1910856484",110.274226667,-20.1521366667,160,11.3,"2020-11-22 14:44:53","2020TankerNov42"
"1910856484",110.340456667,-20.3330233333,161.6,11.1,"2020-11-22 15:44:53","2020TankerNov42"
"1910856484",110.40706,-20.5288833333,163.9,11.3,"2020-11-22 16:49:53","2020TankerNov42"
"1910856484",110.46695,-20.7140533333,163.4,11.6,"2020-11-22 17:49:53","2020TankerNov42"
"1910856484",110.528356667,-20.8993433333,162.5,11.9,"2020-11-22 18:49:53","2020TankerNov42"
"1910856484",110.599813333,-21.1057316667,165.8,11.6,"2020-11-22 19:54:52","2020TankerNov42"
"1910856484",110.665983333,-21.3045166667,161.8,11.6,"2020-11-22 20:59:53","2020TankerNov42"
"1910856484",110.736441667,-21.4990183333,162.7,11.3,"2020-11-22 22:04:53","2020TankerNov42"
"1910856484",110.803606667,-21.69614,164.1,11.7,"2020-11-22 23:09:52","2020TankerNov42"
"1910856484",110.873713333,-21.902735,160.8,12.2,"2020-11-23 00:14:43","2020TankerNov42"
"1910856484",110.93187,-22.097165,166,11.9,"2020-11-23 01:14:53","2020TankerNov42"
"1910856484",110.99189,-22.304985,167,12.3,"2020-11-23 02:19:42","2020TankerNov42"
"1910856484",111.051116667,-22.5022933333,166.5,12.4,"2020-11-23 03:19:53","2020TankerNov42"
"1910856484",111.113086667,-22.7150233333,162.7,12.5,"2020-11-23 04:23:43","2020TankerNov42"
"1910856484",111.175616667,-22.9159633333,165.9,12.5,"2020-11-23 05:24:02","2020TankerNov42"
"1910856484",111.23451,-23.12559,164.3,13,"2020-11-23 06:24:53","2020TankerNov42"
"1910856484",111.29947,-23.3399333333,167.1,13.3,"2020-11-23 07:24:53","2020TankerNov42"
"1910856484",111.354058333,-23.57304,165.2,13,"2020-11-23 08:29:52","2020TankerNov42"
"1910856484",111.422146667,-23.7817,162.8,13.1,"2020-11-23 09:29:52","2020TankerNov42"
"1910856484",111.492443333,-23.9985583333,162.2,13.9,"2020-11-23 10:29:57","2020TankerNov42"
"1910856484",111.559456667,-24.22683,166.6,14.1,"2020-11-23 11:29:58","2020TankerNov42"
"1910856484",111.620418333,-24.459025,166,14.3,"2020-11-23 12:29:59","2020TankerNov42"
"1910856484",111.686593333,-24.68715,163.1,13.8,"2020-11-23 13:29:59","2020TankerNov42"
"1910856484",111.762386667,-24.9295783333,164.5,13.9,"2020-11-23 14:34:56","2020TankerNov42"
"1910856484",111.827358333,-25.1552216667,164.9,13.7,"2020-11-23 15:34:56","2020TankerNov42"
"1910856484",111.90205,-25.3926316667,162.6,13.6,"2020-11-23 16:39:57","2020TankerNov42"
"1910856484",111.974961667,-25.6361816667,165.3,13.3,"2020-11-23 17:44:56","2020TankerNov42"
"1910856484",112.038863333,-25.87353,166.1,13.4,"2020-11-23 18:49:43","2020TankerNov42"
"1910856484",112.103516667,-26.0877066667,165.1,13.3,"2020-11-23 19:49:51","2020TankerNov42"
"1910856484",112.171455,-26.3028533333,164.6,13.7,"2020-11-23 20:49:52","2020TankerNov42"
"1910856484",112.243058333,-26.52996,164.3,14.8,"2020-11-23 21:49:58","2020TankerNov42"
"1910856484",112.31564,-26.78713,165.9,14.3,"2020-11-23 22:54:57","2020TankerNov42"
"1910856484",112.40803,-27.0144366667,171.8,13.8,"2020-11-23 23:59:51","2020TankerNov42"
"1910856484",112.462481667,-27.26358,165.8,14,"2020-11-24 01:04:54","2020TankerNov42"
"1910856484",112.522755,-27.4904383333,166.1,13.7,"2020-11-24 02:05:16","2020TankerNov42"
"1910856484",112.592805,-27.723705,164.8,13.3,"2020-11-24 03:09:36","2020TankerNov42"
"1910856484",112.65982,-27.9378583333,163.8,12.9,"2020-11-24 04:09:55","2020TankerNov42"
"1910856484",112.727183333,-28.1461616667,164.2,12.7,"2020-11-24 05:09:57","2020TankerNov42"
"1910856484",112.796591667,-28.3652733333,164,12.5,"2020-11-24 06:14:55","2020TankerNov42"
"1910856484",112.861735,-28.5636766667,163.8,12.4,"2020-11-24 07:14:56","2020TankerNov42"
"1910856484",112.930715,-28.77858,165.5,12.1,"2020-11-24 08:19:55","2020TankerNov42"
"1910856484",112.985486667,-28.97653,169.9,11.8,"2020-11-24 09:19:56","2020TankerNov42"
"1910856484",113.037766667,-29.1834783333,167.6,11.6,"2020-11-24 10:24:56","2020TankerNov42"
"1910856484",113.102665,-29.3749633333,158.6,11.4,"2020-11-24 11:27:35","2020TankerNov42"
"1910856484",113.161705,-29.5598316667,165.9,11.4,"2020-11-24 12:27:55","2020TankerNov42"
"1910856484",113.218506667,-29.7526933333,166.9,11.7,"2020-11-24 13:29:56","2020TankerNov42"
"1910856484",113.281818333,-29.9557633333,165.5,11.6,"2020-11-24 14:34:46","2020TankerNov42"
"1910856484",113.3351,-30.1643866667,160.9,11.9,"2020-11-24 15:39:27","2020TankerNov42"
"1910856484",113.407138333,-30.370015,162.3,11.8,"2020-11-24 16:44:26","2020TankerNov42"
"1910856484",113.499376667,-30.6523566667,164.2,13.1,"2020-11-24 18:08:06","2020TankerNov42"
"1910856484",113.573588333,-30.8718983333,165.7,13.5,"2020-11-24 19:09:25","2020TankerNov42"
"1910856484",113.656373333,-31.149025,169.1,12.4,"2020-11-24 20:27:16","2020TankerNov42"
"1910856484",113.722498333,-31.3758966667,164.3,12.1,"2020-11-24 21:35:57","2020TankerNov42"
"1910856484",113.807556667,-31.6373333333,165.4,11.8,"2020-11-24 22:56:58","2020TankerNov42"
"1910856484",113.874218333,-31.8666033333,167.2,11.9,"2020-11-25 00:08:07","2020TankerNov42"
"1910856484",113.943866667,-32.0820566667,166.8,11.8,"2020-11-25 01:17:16","2020TankerNov42"
"1910856484",114.023628333,-32.3081483333,162.2,12.1,"2020-11-25 02:28:25","2020TankerNov42"
"1910856484",114.09761,-32.5196116667,164.8,12.1,"2020-11-25 03:32:55","2020TankerNov42"
"1910856484",114.164773333,-32.74949,166.9,13.2,"2020-11-25 04:39:56","2020TankerNov42"
"1910856484",114.229546667,-32.9880133333,163.9,13.4,"2020-11-25 05:44:56","2020TankerNov42"
"1910856484",114.301683333,-33.1990933333,164.4,12.5,"2020-11-25 06:44:56","2020TankerNov42"
"1910856484",114.365083333,-33.3933433333,167,10.9,"2020-11-25 07:47:56","2020TankerNov42"
"1910856484",114.41561,-33.572925,165.2,10.6,"2020-11-25 08:49:55","2020TankerNov42"
"1910856484",114.472446667,-33.742345,168.8,10.6,"2020-11-25 09:49:56","2020TankerNov42"
"1910856484",114.539508333,-33.9081383333,160.1,11,"2020-11-25 10:49:56","2020TankerNov42"
"1910856484",114.613743333,-34.0983266667,168.4,11.1,"2020-11-25 11:54:56","2020TankerNov42"
"1910856484",114.672196667,-34.288675,164.7,12.1,"2020-11-25 12:54:56","2020TankerNov42"
"1910856484",114.749621667,-34.4967133333,157.4,12.3,"2020-11-25 13:59:55","2020TankerNov42"
"1910856484",114.956216667,-34.6357733333,126.4,13.3,"2020-11-25 14:59:57","2020TankerNov42"
"1910856484",115.19096,-34.7737266667,125,12.6,"2020-11-25 16:04:56","2020TankerNov42"
"1910856484",115.398648333,-34.8946416667,126.5,12.4,"2020-11-25 17:04:56","2020TankerNov42"
"1910856484",115.629705,-35.03166,125.3,12.7,"2020-11-25 18:09:56","2020TankerNov42"
"END",NA,NA,NA,NA,NA,"NA"
"1976520786",114.352975,-15.0903933333,190.3,14.1,"2020-11-22 14:39:55","2020TankerNov43"
"1976520786",114.301788333,-15.3411933333,191.2,13.8,"2020-11-22 15:44:41","2020TankerNov43"
"1976520786",114.255398333,-15.568705,191.3,13.9,"2020-11-22 16:44:58","2020TankerNov43"
"1976520786",114.208946667,-15.8142333333,188.4,13.7,"2020-11-22 17:49:54","2020TankerNov43"
"1976520786",114.168731667,-16.0399783333,192.6,13.7,"2020-11-22 18:49:54","2020TankerNov43"
"1976520786",114.114141667,-16.2817133333,191.9,13.6,"2020-11-22 19:54:53","2020TankerNov43"
"1976520786",114.065606667,-16.5039283333,195.4,13.4,"2020-11-22 20:54:53","2020TankerNov43"
"1976520786",114.000755,-16.7402483333,192.7,13.3,"2020-11-22 21:59:42","2020TankerNov43"
"1976520786",113.951325,-16.9609333333,192.5,13.4,"2020-11-22 22:59:52","2020TankerNov43"
"1976520786",113.900956667,-17.184995,193.4,13.4,"2020-11-22 23:59:52","2020TankerNov43"
"1976520786",113.85227,-17.4250166667,189.2,13.3,"2020-11-23 01:04:52","2020TankerNov43"
"1976520786",113.805036667,-17.6475216667,191.8,13.4,"2020-11-23 02:04:52","2020TankerNov43"
"1976520786",113.757331667,-17.887515,188.9,13.4,"2020-11-23 03:09:52","2020TankerNov43"
"1976520786",113.704221667,-18.1623516667,190.6,13.9,"2020-11-23 04:22:07","2020TankerNov43"
"1976520786",113.647688333,-18.404375,192.6,14.5,"2020-11-23 05:24:56","2020TankerNov43"
"1976520786",113.5916,-18.66425,191.5,14.5,"2020-11-23 06:29:54","2020TankerNov43"
"1976520786",113.537313333,-18.9162133333,191.4,13.8,"2020-11-23 07:34:55","2020TankerNov43"
"1976520786",113.485655,-19.1669133333,192.1,13.9,"2020-11-23 08:39:57","2020TankerNov43"
"1976520786",113.427758333,-19.398865,194.4,14.2,"2020-11-23 09:39:57","2020TankerNov43"
"1976520786",113.369655,-19.6298516667,190.4,14.1,"2020-11-23 10:39:57","2020TankerNov43"
"1976520786",113.32653,-19.8660666667,188.9,14.4,"2020-11-23 11:39:57","2020TankerNov43"
"1976520786",113.28679,-20.1001483333,188.8,14.3,"2020-11-23 12:39:57","2020TankerNov43"
"1976520786",113.237018333,-20.3329983333,192.1,14,"2020-11-23 13:39:58","2020TankerNov43"
"1976520786",113.176071667,-20.583095,192.5,14.3,"2020-11-23 14:44:58","2020TankerNov43"
"1976520786",113.120833333,-20.8153566667,193.3,14.2,"2020-11-23 15:44:58","2020TankerNov43"
"1976520786",113.064336667,-21.0607516667,192.4,13.9,"2020-11-23 16:48:57","2020TankerNov43"
"1976520786",113.009375,-21.2962416667,192.6,14.4,"2020-11-23 17:49:57","2020TankerNov43"
"1976520786",112.96014,-21.5329266667,187.9,14.3,"2020-11-23 18:49:58","2020TankerNov43"
"1976520786",112.903203333,-21.783945,193.4,13.8,"2020-11-23 19:54:58","2020TankerNov43"
"1976520786",112.838508333,-22.0314883333,189.6,14.3,"2020-11-23 20:59:55","2020TankerNov43"
"1976520786",112.794735,-22.266165,189.1,14,"2020-11-23 21:59:55","2020TankerNov43"
"1976520786",112.753351667,-22.496685,189.8,13.9,"2020-11-23 22:59:55","2020TankerNov43"
"1976520786",112.70465,-22.7251483333,191,14.1,"2020-11-23 23:59:59","2020TankerNov43"
"1976520786",112.648388333,-22.9718916667,192.1,14,"2020-11-24 01:04:55","2020TankerNov43"
"1976520786",112.600123333,-23.1999433333,188.1,13.8,"2020-11-24 02:04:56","2020TankerNov43"
"1976520786",112.546926667,-23.4329566667,192.7,14.4,"2020-11-24 03:04:59","2020TankerNov43"
"1976520786",112.488601667,-23.66608,193.1,14.2,"2020-11-24 04:04:59","2020TankerNov43"
"1976520786",112.42786,-23.9184516667,191.3,14,"2020-11-24 05:09:59","2020TankerNov43"
"1976520786",112.37298,-24.16869,192.6,14.3,"2020-11-24 06:14:55","2020TankerNov43"
"1976520786",112.31837,-24.39993,192.7,14.1,"2020-11-24 07:14:56","2020TankerNov43"
"1976520786",112.2583,-24.65566,191.4,14.7,"2020-11-24 08:19:55","2020TankerNov43"
"1976520786",112.206491667,-24.910505,190.1,14.2,"2020-11-24 09:24:55","2020TankerNov43"
"1976520786",112.193075,-25.1446266667,180.9,13.9,"2020-11-24 10:24:55","2020TankerNov43"
"1976520786",112.198271667,-25.3770266667,179,13.9,"2020-11-24 11:24:57","2020TankerNov43"
"1976520786",112.213451667,-25.62039,176.4,14.1,"2020-11-24 12:27:43","2020TankerNov43"
"1976520786",112.266826667,-25.966865,165.9,14.7,"2020-11-24 13:54:34","2020TankerNov43"
"1976520786",112.35103,-26.2643883333,166,14.7,"2020-11-24 15:09:04","2020TankerNov43"
"1976520786",112.427565,-26.54179,166.1,14.4,"2020-11-24 16:19:03","2020TankerNov43"
"1976520786",112.498248333,-26.7977033333,166,14.4,"2020-11-24 17:24:08","2020TankerNov43"
"1976520786",112.568313333,-27.0685983333,166.2,14.2,"2020-11-24 18:34:35","2020TankerNov43"
"1976520786",112.63721,-27.31277,166,14.5,"2020-11-24 19:37:18","2020TankerNov43"
"1976520786",112.703613333,-27.55454,165.6,14.3,"2020-11-24 20:39:41","2020TankerNov43"
"1976520786",112.776858333,-27.813165,166,13.8,"2020-11-24 21:47:58","2020TankerNov43"
"1976520786",112.854888333,-28.0726516667,165.2,13.7,"2020-11-24 22:58:01","2020TankerNov43"
"1976520786",112.934983333,-28.3311166667,165.3,13.7,"2020-11-25 00:08:32","2020TankerNov43"
"1976520786",113.01779,-28.5863683333,162.4,14,"2020-11-25 01:17:20","2020TankerNov43"
"1976520786",113.085693333,-28.823275,167.8,13.7,"2020-11-25 02:26:12","2020TankerNov43"
"1976520786",113.136866667,-29.0801783333,168.4,14,"2020-11-25 03:33:01","2020TankerNov43"
"1976520786",113.204386667,-29.3437283333,167.3,14.2,"2020-11-25 04:41:38","2020TankerNov43"
"1976520786",113.277845,-29.6002466667,165.3,13.9,"2020-11-25 05:48:50","2020TankerNov43"
"1976520786",113.344996667,-29.8297233333,165.2,13.8,"2020-11-25 06:49:54","2020TankerNov43"
"1976520786",113.405585,-30.0611616667,168.7,13.9,"2020-11-25 07:51:07","2020TankerNov43"
"1976520786",113.466515,-30.2986483333,166.3,14.3,"2020-11-25 08:53:02","2020TankerNov43"
"1976520786",113.55016,-30.5328,161.1,14.7,"2020-11-25 09:53:33","2020TankerNov43"
"1976520786",113.636685,-30.7684283333,163,14.4,"2020-11-25 10:54:50","2020TankerNov43"
"1976520786",113.707055,-31.0079516667,166.1,13.8,"2020-11-25 11:58:11","2020TankerNov43"
"1976520786",113.763723333,-31.2292516667,168.8,12.3,"2020-11-25 12:59:56","2020TankerNov43"
"1976520786",113.811236667,-31.413875,162.9,10.4,"2020-11-25 13:59:57","2020TankerNov43"
"1976520786",113.877758333,-31.6304633333,164.8,9.9,"2020-11-25 15:19:17","2020TankerNov43"
"1976520786",113.93088,-31.8281883333,168.2,12.1,"2020-11-25 16:27:27","2020TankerNov43"
"1976520786",113.97028,-32.0343383333,170,12,"2020-11-25 17:29:56","2020TankerNov43"
"1976520786",114.037051667,-32.2440183333,163.4,11.6,"2020-11-25 18:34:57","2020TankerNov43"
"1976520786",114.119541667,-32.449385,162.6,12,"2020-11-25 19:39:56","2020TankerNov43"
"1976520786",114.18144,-32.660395,169.4,11.7,"2020-11-25 20:44:57","2020TankerNov43"
"1976520786",114.235368333,-32.8696533333,166.3,11.8,"2020-11-25 21:47:36","2020TankerNov43"
"1976520786",114.288981667,-33.0681466667,165.15,11.95,"2020-11-25 22:49:56","2020TankerNov43"
"1976520786",114.36489,-33.260925,164,12.1,"2020-11-25 23:49:56","2020TankerNov43"
"1976520786",114.418621667,-33.4536816667,169.6,11.2,"2020-11-26 00:49:57","2020TankerNov43"
"1976520786",114.473185,-33.6619366667,168.1,11.7,"2020-11-26 01:54:46","2020TankerNov43"
"1976520786",114.539463333,-33.8552833333,161.9,12.3,"2020-11-26 02:54:57","2020TankerNov43"
"1976520786",114.606376667,-34.0735333333,167.6,12.3,"2020-11-26 03:59:56","2020TankerNov43"
"1976520786",114.66443,-34.277845,166.1,12.7,"2020-11-26 04:59:56","2020TankerNov43"
"1976520786",114.761313333,-34.5078783333,138.5,14.5,"2020-11-26 06:04:54","2020TankerNov43"
"1976520786",115.007496667,-34.6537233333,122.6,14.8,"2020-11-26 07:04:55","2020TankerNov43"
"1976520786",115.264758333,-34.8078516667,127,14,"2020-11-26 08:09:54","2020TankerNov43"
"1976520786",115.49857,-34.9499483333,126.8,14.3,"2020-11-26 09:09:55","2020TankerNov43"
"END",NA,NA,NA,NA,NA,"NA"
"2139944443",115.835225,-35.4390383333,302.3,11.4,"2020-11-06 01:39:50","2020TankerNov44"
"2139944443",115.619266667,-35.3361466667,300.1,11.1,"2020-11-06 02:44:50","2020TankerNov44"
"2139944443",115.40345,-35.234935,300.4,11.3,"2020-11-06 03:49:50","2020TankerNov44"
"2139944443",115.201523333,-35.1340183333,302.1,11.7,"2020-11-06 04:49:50","2020TankerNov44"
"2139944443",114.997793333,-35.0332283333,301.4,11.8,"2020-11-06 05:49:50","2020TankerNov44"
"2139944443",114.790303333,-34.9353033333,297.5,11.8,"2020-11-06 06:49:50","2020TankerNov44"
"2139944443",114.56296,-34.8311283333,302.6,11.9,"2020-11-06 07:54:49","2020TankerNov44"
"2139944443",114.346675,-34.7315183333,298.2,12.6,"2020-11-06 08:54:50","2020TankerNov44"
"2139944443",114.160876667,-34.6024066667,343,12.1,"2020-11-06 09:54:50","2020TankerNov44"
"2139944443",114.09378,-34.3930716667,345.35,11.7,"2020-11-06 10:59:50","2020TankerNov44"
"2139944443",114.036265,-34.202085,347.7,11.3,"2020-11-06 11:59:59","2020TankerNov44"
"2139944443",113.98772,-34.0034683333,349,11.2,"2020-11-06 13:04:50","2020TankerNov44"
"2139944443",113.947095,-33.81882,347.2,11.4,"2020-11-06 14:04:50","2020TankerNov44"
"2139944443",113.889611667,-33.6183866667,345.7,11.6,"2020-11-06 15:08:51","2020TankerNov44"
"2139944443",113.831036667,-33.4209666667,346,12,"2020-11-06 16:10:41","2020TankerNov44"
"2139944443",113.770278333,-33.21566,347,12.5,"2020-11-06 17:13:11","2020TankerNov44"
"2139944443",113.70398,-33.00587,344,12.9,"2020-11-06 18:14:21","2020TankerNov44"
"2139944443",113.642801667,-32.7909633333,348.7,12.3,"2020-11-06 19:16:50","2020TankerNov44"
"2139944443",113.57664,-32.5281333333,349.1,11.8,"2020-11-06 20:36:10","2020TankerNov44"
"2139944443",113.518903333,-32.3325433333,347.2,12,"2020-11-06 21:37:10","2020TankerNov44"
"2139944443",113.456913333,-32.13399,345.1,12.4,"2020-11-06 22:37:41","2020TankerNov44"
"2139944443",113.399543333,-31.9303366667,348.1,11.8,"2020-11-06 23:39:41","2020TankerNov44"
"2139944443",113.33506,-31.6720066667,346.7,13.1,"2020-11-07 00:55:01","2020TankerNov44"
"2139944443",113.26807,-31.4302633333,347.1,12.5,"2020-11-07 02:04:41","2020TankerNov44"
"2139944443",113.211636667,-31.2142916667,348.4,12.5,"2020-11-07 03:07:59","2020TankerNov44"
"2139944443",113.155871667,-30.99024,348.5,12.2,"2020-11-07 04:14:40","2020TankerNov44"
"2139944443",113.078278333,-30.7476816667,343,12.1,"2020-11-07 05:29:19","2020TankerNov44"
"2139944443",113.017015,-30.54572,349.3,12.5,"2020-11-07 06:29:20","2020TankerNov44"
"2139944443",112.964095,-30.3193233333,347.2,13.1,"2020-11-07 07:34:49","2020TankerNov44"
"2139944443",112.908595,-30.10814,347.3,13.1,"2020-11-07 08:34:51","2020TankerNov44"
"2139944443",112.845926667,-29.87987,347.5,12.9,"2020-11-07 09:39:50","2020TankerNov44"
"2139944443",112.78256,-29.65876,345.4,12.8,"2020-11-07 10:44:10","2020TankerNov44"
"2139944443",112.716573333,-29.4547083333,344.6,12.6,"2020-11-07 11:44:59","2020TankerNov44"
"2139944443",112.62164,-29.1502483333,347.1,13.1,"2020-11-07 13:11:41","2020TankerNov44"
"2139944443",112.57901,-28.9154816667,343.5,12.4,"2020-11-07 14:18:09","2020TankerNov44"
"2139944443",112.501461667,-28.6757516667,345.5,12.4,"2020-11-07 15:29:30","2020TankerNov44"
"2139944443",112.430833333,-28.4281416667,345.1,12.3,"2020-11-07 16:42:41","2020TankerNov44"
"2139944443",112.376535,-28.20096,346.3,12.1,"2020-11-07 17:51:30","2020TankerNov44"
"2139944443",112.303996667,-27.9485266667,348,12,"2020-11-07 19:09:01","2020TankerNov44"
"2139944443",112.248215,-27.7225666667,345.7,12.1,"2020-11-07 20:17:51","2020TankerNov44"
"2139944443",112.188333333,-27.515,345,12,"2020-11-07 21:21:39","2020TankerNov44"
"2139944443",112.118745,-27.2645283333,348.5,12,"2020-11-07 22:38:50","2020TankerNov44"
"2139944443",112.059736667,-27.016815,352.3,12.1,"2020-11-07 23:55:11","2020TankerNov44"
"2139944443",112.008433333,-26.7935233333,346.9,11.6,"2020-11-08 01:04:50","2020TankerNov44"
"2139944443",111.9464491665,-26.5972025,345.45,12,"2020-11-08 02:05:30","2020TankerNov44"
"2139944443",111.884465,-26.4008816667,344,12.4,"2020-11-08 03:04:30","2020TankerNov44"
"2139944443",111.812508333,-26.0949333333,347.7,12.5,"2020-11-08 04:33:02","2020TankerNov44"
"2139944443",111.750418333,-25.8419766667,348.7,12.4,"2020-11-08 05:47:20","2020TankerNov44"
"2139944443",111.74999,-25.6257183333,6.7,12.8,"2020-11-08 06:50:31","2020TankerNov44"
"2139944443",111.755281667,-25.331635,358.9,13.1,"2020-11-08 08:12:50","2020TankerNov44"
"2139944443",111.765511667,-25.1177233333,2.1,12.4,"2020-11-08 09:13:20","2020TankerNov44"
"2139944443",111.786105,-24.9424975,4.75,12.25,"2020-11-08 10:06:11","2020TankerNov44"
"2139944443",111.806698333,-24.7672716667,7.4,12.1,"2020-11-08 10:57:11","2020TankerNov44"
"2139944443",111.827163333,-24.5402533333,5.3,12.3,"2020-11-08 12:04:39","2020TankerNov44"
"2139944443",111.843973333,-24.343505,3.4,11.9,"2020-11-08 13:04:41","2020TankerNov44"
"2139944443",111.852946667,-24.1449783333,1.2,12.2,"2020-11-08 14:04:51","2020TankerNov44"
"2139944443",111.865381667,-23.9226233333,5.2,12.7,"2020-11-08 15:10:00","2020TankerNov44"
"2139944443",111.885365,-23.694795,4,12.7,"2020-11-08 16:14:50","2020TankerNov44"
"2139944443",111.905401667,-23.4635266667,3.5,12.9,"2020-11-08 17:19:49","2020TankerNov44"
"2139944443",111.92148,-23.2534683333,2.1,12.6,"2020-11-08 18:19:50","2020TankerNov44"
"2139944443",111.934631667,-23.047255,4,12.2,"2020-11-08 19:19:50","2020TankerNov44"
"2139944443",111.950008333,-22.8283466667,2.8,12.3,"2020-11-08 20:23:21","2020TankerNov44"
"2139944443",111.966326667,-22.6196483333,2,11.8,"2020-11-08 21:24:49","2020TankerNov44"
"2139944443",111.980698333,-22.40156,2.4,12,"2020-11-08 22:29:31","2020TankerNov44"
"2139944443",111.995643333,-22.1857833333,3.2,12.6,"2020-11-08 23:32:20","2020TankerNov44"
"2139944443",112.00921,-21.9671766667,2.8,13.1,"2020-11-09 00:33:30","2020TankerNov44"
"2139944443",112.028361667,-21.7242316667,3.6,14.1,"2020-11-09 01:34:59","2020TankerNov44"
"2139944443",112.046101667,-21.4735283333,4.7,13.1,"2020-11-09 02:42:45","2020TankerNov44"
"2139944443",112.065893333,-21.2462516667,3.4,13.2,"2020-11-09 03:44:45","2020TankerNov44"
"2139944443",112.118768333,-21.0009666667,13.2,13.2,"2020-11-09 04:52:14","2020TankerNov44"
"2139944443",112.177083333,-20.7700033333,15.4,13.1,"2020-11-09 05:56:15","2020TankerNov44"
"2139944443",112.248323333,-20.5535516667,17.4,13,"2020-11-09 06:58:54","2020TankerNov44"
"2139944443",112.326003333,-20.33761,20.5,12.6,"2020-11-09 08:02:34","2020TankerNov44"
"2139944443",112.40532,-20.086695,15.8,12.5,"2020-11-09 09:16:06","2020TankerNov44"
"2139944443",112.47034,-19.8805033333,17,12.6,"2020-11-09 10:17:05","2020TankerNov44"
"2139944443",112.548658333,-19.63549,16.8,12.6,"2020-11-09 11:29:54","2020TankerNov44"
"2139944443",112.621961667,-19.3958983333,16,12.6,"2020-11-09 12:42:03","2020TankerNov44"
"2139944443",112.684015,-19.1796166667,13.6,12.5,"2020-11-09 13:46:55","2020TankerNov44"
"2139944443",112.746858333,-18.9456233333,15.4,12.2,"2020-11-09 14:56:56","2020TankerNov44"
"2139944443",112.80945,-18.7414916667,15.6,12.3,"2020-11-09 15:59:35","2020TankerNov44"
"2139944443",112.87381,-18.52538,16.8,12,"2020-11-09 17:05:44","2020TankerNov44"
"2139944443",112.9208266665,-18.37181166665,16.9,12,"2020-11-09 17:54:05","2020TankerNov44"
"2139944443",112.967843333,-18.2182433333,17,12,"2020-11-09 18:42:05","2020TankerNov44"
"2139944443",113.027043333,-18.0162433333,14.2,12.5,"2020-11-09 19:43:05","2020TankerNov44"
"2139944443",113.09018,-17.7991316667,14.2,12,"2020-11-09 20:48:44","2020TankerNov44"
"2139944443",113.152903333,-17.5806816667,16.1,12.7,"2020-11-09 21:53:54","2020TankerNov44"
"2139944443",113.227441667,-17.3437633333,16.8,12.9,"2020-11-09 23:03:35","2020TankerNov44"
"2139944443",113.296511667,-17.114445,16.1,12.8,"2020-11-10 00:10:34","2020TankerNov44"
"2139944443",113.3582883335,-16.90510833335,15.65,12.45,"2020-11-10 01:12:16","2020TankerNov44"
"2139944443",113.420065,-16.6957716667,15.2,12.1,"2020-11-10 02:13:16","2020TankerNov44"
"2139944443",113.49437,-16.4599466667,19.5,12.7,"2020-11-10 03:24:14","2020TankerNov44"
"2139944443",113.5478058335,-16.2881675,16.85,12.8,"2020-11-10 04:14:53","2020TankerNov44"
"2139944443",113.601241667,-16.1163883333,14.2,12.9,"2020-11-10 05:04:53","2020TankerNov44"
"2139944443",113.663713333,-15.8789233333,12.9,12.6,"2020-11-10 06:13:54","2020TankerNov44"
"2139944443",113.716031667,-15.63839,14.4,11.8,"2020-11-10 07:25:14","2020TankerNov44"
"2139944443",113.768178333,-15.4270366667,12.5,12.1,"2020-11-10 08:29:55","2020TankerNov44"
"END",NA,NA,NA,NA,NA,"NA"
"3144709569",115.781093333,-18.6829033333,214.4,17.5,"2020-11-12 10:55:00","2020TankerNov45"
"3144709569",115.609123333,-18.9186983333,214.7,16.9,"2020-11-12 11:55:00","2020TankerNov45"
"3144709569",115.40451,-19.1596966667,219.8,17.4,"2020-11-12 12:59:54","2020TankerNov45"
"3144709569",115.210738333,-19.383535,218.6,17.1,"2020-11-12 13:59:59","2020TankerNov45"
"3144709569",115.022695,-19.611895,219.8,17.2,"2020-11-12 14:59:59","2020TankerNov45"
"3144709569",114.799098333,-19.8453766667,226.2,16.8,"2020-11-12 16:04:54","2020TankerNov45"
"3144709569",114.717705,-20.1072366667,184.5,17.4,"2020-11-12 17:04:59","2020TankerNov45"
"3144709569",114.685688333,-20.4010483333,188.5,17.9,"2020-11-12 18:05:00","2020TankerNov45"
"3144709569",114.767648333,-20.6610066667,134.3,17.1,"2020-11-12 19:05:00","2020TankerNov45"
"3144709569",115.017275,-20.8594566667,154.3,16.4,"2020-11-12 20:09:54","2020TankerNov45"
"3144709569",115.117108333,-21.0896333333,163.2,14.6,"2020-11-12 21:09:54","2020TankerNov45"
"3144709569",115.270828333,-21.2635933333,190.8,11.9,"2020-11-12 22:14:51","2020TankerNov45"
"3144709569",115.184605,-21.3830166667,228.2,4.8,"2020-11-12 23:14:53","2020TankerNov45"
"3144709569",115.086915,-21.4580333333,224.4,7.1,"2020-11-13 00:19:53","2020TankerNov45"
"3144709569",115.031818333,-21.58601,194.1,8.1,"2020-11-13 01:24:52","2020TankerNov45"
"END",NA,NA,NA,NA,NA,"NA"
"3144709569",115.008201667,-21.6755383333,28,0.9,"2020-11-13 22:39:28","2020TankerNov46"
"3144709569",115.039898333,-21.5545983333,13.9,7.7,"2020-11-13 23:39:58","2020TankerNov46"
"3144709569",115.09436,-21.45748,50.2,6.8,"2020-11-14 00:39:59","2020TankerNov46"
"3144709569",115.231265,-21.345055,51.1,11.3,"2020-11-14 01:39:59","2020TankerNov46"
"3144709569",115.171521667,-21.1646666667,305.1,15.6,"2020-11-14 02:44:52","2020TankerNov46"
"3144709569",114.904258333,-21.0693066667,287.3,16.4,"2020-11-14 03:44:59","2020TankerNov46"
"3144709569",114.580126667,-20.9792933333,287.5,18.5,"2020-11-14 04:49:54","2020TankerNov46"
"3144709569",114.259696667,-20.8913383333,283.7,17.5,"2020-11-14 05:51:55","2020TankerNov46"
"3144709569",113.923043333,-20.8068016667,284.7,16.8,"2020-11-14 06:59:48","2020TankerNov46"
"3144709569",113.605741667,-20.727795,285,16.8,"2020-11-14 08:04:38","2020TankerNov46"
"3144709569",113.545963333,-20.4110266667,358.6,16.5,"2020-11-14 09:17:20","2020TankerNov46"
"3144709569",113.559768333,-20.1465516667,216.6,16.35,"2020-11-14 10:13:55","2020TankerNov46"
"3144709569",113.573573333,-19.8820766667,74.6,16.2,"2020-11-14 11:09:55","2020TankerNov46"
"3144709569",113.855613333,-19.9687166667,109.4,16.9,"2020-11-14 12:09:57","2020TankerNov46"
"3144709569",114.15886,-20.06282,109.1,16.8,"2020-11-14 13:13:57","2020TankerNov46"
"3144709569",114.453861667,-20.1341016667,92.3,17.7,"2020-11-14 14:14:55","2020TankerNov46"
"3144709569",114.775341667,-20.2140683333,108.1,17.4,"2020-11-14 15:19:50","2020TankerNov46"
"3144709569",115.074428333,-20.2113483333,73.6,17.6,"2020-11-14 16:19:55","2020TankerNov46"
"3144709569",115.363615,-20.1229483333,69.7,17,"2020-11-14 17:19:56","2020TankerNov46"
"3144709569",115.673636667,-20.0148866667,65.5,17.5,"2020-11-14 18:24:56","2020TankerNov46"
"3144709569",115.85603,-20.0930066667,181.2,15.3,"2020-11-14 19:29:55","2020TankerNov46"
"3144709569",115.850265,-20.3247283333,180.3,13.2,"2020-11-14 20:29:58","2020TankerNov46"
"END",NA,NA,NA,NA,NA,"NA"
"3220706237",114.538216667,-15.2126933333,187.2,12.1,"2020-11-12 08:34:58","2020TankerNov47"
"3220706237",114.506615,-15.433935,189.7,12.4,"2020-11-12 09:39:58","2020TankerNov47"
"3220706237",114.464045,-15.6362966667,191.9,12.1,"2020-11-12 10:39:59","2020TankerNov47"
"3220706237",114.433546667,-15.8551233333,190.2,12,"2020-11-12 11:44:59","2020TankerNov47"
"3220706237",114.397926667,-16.0671666667,186.7,12,"2020-11-12 12:49:47","2020TankerNov47"
"3220706237",114.367476667,-16.2653133333,188.9,11.9,"2020-11-12 13:49:59","2020TankerNov47"
"3220706237",114.333031667,-16.4803283333,188.4,11.9,"2020-11-12 14:54:58","2020TankerNov47"
"3220706237",114.301403333,-16.67577,188.8,11.9,"2020-11-12 15:54:58","2020TankerNov47"
"3220706237",114.269066667,-16.8760966667,188.6,12.1,"2020-11-12 16:54:58","2020TankerNov47"
"3220706237",114.237855,-17.07706,189.3,12.1,"2020-11-12 17:54:59","2020TankerNov47"
"3220706237",114.201436667,-17.2941983333,190.4,12.2,"2020-11-12 18:59:39","2020TankerNov47"
"3220706237",114.167533333,-17.5045166667,188.4,12.5,"2020-11-12 19:59:57","2020TankerNov47"
"3220706237",114.134173333,-17.7147033333,189.1,12.7,"2020-11-12 20:59:58","2020TankerNov47"
"3220706237",114.099413333,-17.92172,187.8,12.3,"2020-11-12 21:59:58","2020TankerNov47"
"3220706237",114.069086667,-18.12609,190.3,12.2,"2020-11-12 22:59:58","2020TankerNov47"
"3220706237",114.02933,-18.332405,191.2,12.5,"2020-11-12 23:59:58","2020TankerNov47"
"3220706237",113.993476667,-18.5551633333,186.7,12.7,"2020-11-13 01:04:58","2020TankerNov47"
"3220706237",113.954086667,-18.773835,192,12.3,"2020-11-13 02:09:37","2020TankerNov47"
"3220706237",113.913155,-18.977835,191.2,12.5,"2020-11-13 03:09:58","2020TankerNov47"
"3220706237",113.876011667,-19.2021383333,187.1,12.6,"2020-11-13 04:14:59","2020TankerNov47"
"3220706237",113.834173333,-19.4251033333,191,12.4,"2020-11-13 05:19:46","2020TankerNov47"
"3220706237",113.790551667,-19.6354116667,191.1,12.3,"2020-11-13 06:21:37","2020TankerNov47"
"3220706237",113.748943333,-19.850005,188.8,12.5,"2020-11-13 07:24:58","2020TankerNov47"
"3220706237",113.714918333,-20.0634483333,187.9,13.1,"2020-11-13 08:24:58","2020TankerNov47"
"3220706237",113.671651667,-20.280245,192.5,13.1,"2020-11-13 09:24:58","2020TankerNov47"
"3220706237",113.626786667,-20.5136983333,188.7,13.2,"2020-11-13 10:29:59","2020TankerNov47"
"3220706237",113.58477,-20.7490183333,190.5,13.1,"2020-11-13 11:34:58","2020TankerNov47"
"3220706237",113.532928333,-20.978405,193.4,13.1,"2020-11-13 12:39:58","2020TankerNov47"
"3220706237",113.496831667,-21.2132766667,190.3,13.1,"2020-11-13 13:44:59","2020TankerNov47"
"3220706237",113.452695,-21.4484216667,190.3,13.1,"2020-11-13 14:49:58","2020TankerNov47"
"3220706237",113.410866667,-21.6626983333,191,12.8,"2020-11-13 15:49:58","2020TankerNov47"
"3220706237",113.371475,-21.8732383333,190.3,12.5,"2020-11-13 16:49:58","2020TankerNov47"
"3220706237",113.329991667,-22.09661,189.2,12.7,"2020-11-13 17:54:57","2020TankerNov47"
"3220706237",113.289351667,-22.3049583333,188.2,12.9,"2020-11-13 18:54:58","2020TankerNov47"
"3220706237",113.244776667,-22.5337,189.1,12.6,"2020-11-13 19:59:58","2020TankerNov47"
"3220706237",113.193876667,-22.7543766667,195.4,12.3,"2020-11-13 21:04:58","2020TankerNov47"
"3220706237",113.138105,-22.9484216667,195.3,11.7,"2020-11-13 22:04:58","2020TankerNov47"
"3220706237",113.076003333,-23.1567916667,197.2,12,"2020-11-13 23:09:46","2020TankerNov47"
"3220706237",112.992331667,-23.4335866667,196.2,12.2,"2020-11-14 00:34:48","2020TankerNov47"
"3220706237",112.932993333,-23.6322683333,194,12.1,"2020-11-14 01:35:37","2020TankerNov47"
"3220706237",112.864056667,-23.8776883333,197.7,12.4,"2020-11-14 02:49:57","2020TankerNov47"
"3220706237",112.800863333,-24.0778366667,194.9,12.6,"2020-11-14 03:51:26","2020TankerNov47"
"3220706237",112.724831667,-24.3277883333,194,11.8,"2020-11-14 05:07:18","2020TankerNov47"
"3220706237",112.646101667,-24.609465,198.2,12.3,"2020-11-14 06:33:09","2020TankerNov47"
"3220706237",112.579073333,-24.82071,194.4,11.4,"2020-11-14 07:39:48","2020TankerNov47"
"3220706237",112.522258333,-25.01395,193.8,11.9,"2020-11-14 08:41:49","2020TankerNov47"
"3220706237",112.535625,-25.2551266667,190.1,11.9,"2020-11-14 09:55:06","2020TankerNov47"
"3220706237",112.4969566665,-25.3985516667,191.65,11.75,"2020-11-14 10:40:08","2020TankerNov47"
"3220706237",112.458288333,-25.5419766667,193.2,11.6,"2020-11-14 11:25:08","2020TankerNov47"
"3220706237",112.54747,-25.7366866667,149.7,12.1,"2020-11-14 12:30:38","2020TankerNov47"
"3220706237",112.675948333,-25.9332216667,149.4,12.4,"2020-11-14 13:37:06","2020TankerNov47"
"3220706237",112.777955,-26.133015,168.7,12.3,"2020-11-14 14:41:18","2020TankerNov47"
"3220706237",112.827933333,-26.36014,168.4,12.3,"2020-11-14 15:48:39","2020TankerNov47"
"3220706237",112.886061667,-26.6215866667,168.5,12.5,"2020-11-14 17:05:19","2020TankerNov47"
"3220706237",112.938366667,-26.858635,169.1,12.3,"2020-11-14 18:15:48","2020TankerNov47"
"3220706237",112.992141667,-27.09788,168.6,12.1,"2020-11-14 19:28:58","2020TankerNov47"
"3220706237",113.041303333,-27.3175,168.7,12.1,"2020-11-14 20:34:38","2020TankerNov47"
"3220706237",113.099115,-27.5766166667,169.7,12.2,"2020-11-14 21:52:37","2020TankerNov47"
"3220706237",113.14799,-27.7853016667,168.1,11.9,"2020-11-14 22:56:36","2020TankerNov47"
"3220706237",113.203263333,-28.0137416667,170.9,11.4,"2020-11-15 00:08:19","2020TankerNov47"
"3220706237",113.248338333,-28.2358583333,167.9,12.4,"2020-11-15 01:16:18","2020TankerNov47"
"3220706237",113.305171667,-28.47012,167.8,12,"2020-11-15 02:27:59","2020TankerNov47"
"3220706237",113.37067,-28.7439333333,169.9,11.6,"2020-11-15 03:53:49","2020TankerNov47"
"3220706237",113.41888,-28.966865,171.3,11,"2020-11-15 05:02:58","2020TankerNov47"
"3220706237",113.462371667,-29.1795283333,168,11.7,"2020-11-15 06:13:07","2020TankerNov47"
"3220706237",113.512048333,-29.3967266667,171.1,11.7,"2020-11-15 07:19:46","2020TankerNov47"
"3220706237",113.564228333,-29.6304666667,168.3,11.9,"2020-11-15 08:31:57","2020TankerNov47"
"3220706237",113.609068333,-29.8503,170.1,13.3,"2020-11-15 09:35:58","2020TankerNov47"
"3220706237",113.668201667,-30.0781183333,172,12,"2020-11-15 10:42:08","2020TankerNov47"
"3220706237",113.739005,-30.3780883333,167.7,13,"2020-11-15 12:08:27","2020TankerNov47"
"3220706237",113.784296667,-30.5839066667,168.9,12.1,"2020-11-15 13:09:08","2020TankerNov47"
"3220706237",113.844356667,-30.84472,170.7,12.4,"2020-11-15 14:26:59","2020TankerNov47"
"3220706237",113.89879,-31.0761333333,168.8,12.5,"2020-11-15 15:36:07","2020TankerNov47"
"3220706237",113.951205,-31.2998466667,168.7,12.1,"2020-11-15 16:42:37","2020TankerNov47"
"3220706237",113.998525,-31.5358866667,171,12.6,"2020-11-15 17:52:28","2020TankerNov47"
"3220706237",114.066793333,-31.7919316667,166.4,14.5,"2020-11-15 19:01:08","2020TankerNov47"
"3220706237",114.13302,-32.073515,167.5,14.1,"2020-11-15 20:12:56","2020TankerNov47"
"3220706237",114.1762875,-32.247425,167.6,13.3,"2020-11-15 21:02:10","2020TankerNov47"
"3220706237",114.219555,-32.421335,167.7,12.5,"2020-11-15 21:51:10","2020TankerNov47"
"3220706237",114.271566667,-32.662235,171.7,12.9,"2020-11-15 23:00:52","2020TankerNov47"
"3220706237",114.32291,-32.9058583333,166.9,13.1,"2020-11-16 00:09:11","2020TankerNov47"
"3220706237",114.381455,-33.1256616667,168,12.85,"2020-11-16 01:09:52","2020TankerNov47"
"3220706237",114.438596667,-33.357445,169.1,12.6,"2020-11-16 02:14:51","2020TankerNov47"
"3220706237",114.49345,-33.5739633333,167.8,12.3,"2020-11-16 03:19:50","2020TankerNov47"
"3220706237",114.542395,-33.7776183333,166.7,12.2,"2020-11-16 04:19:50","2020TankerNov47"
"3220706237",114.587723333,-33.9806783333,171.7,12.3,"2020-11-16 05:19:52","2020TankerNov47"
"3220706237",114.635585,-34.1836783333,160.8,12.9,"2020-11-16 06:19:52","2020TankerNov47"
"3220706237",114.712025,-34.3901983333,161.7,12.9,"2020-11-16 07:19:52","2020TankerNov47"
"3220706237",114.85317,-34.5714966667,128.6,13.9,"2020-11-16 08:19:55","2020TankerNov47"
"3220706237",115.0763,-34.709995,126.9,13.6,"2020-11-16 09:19:56","2020TankerNov47"
"3220706237",115.301391667,-34.8440033333,123,13.6,"2020-11-16 10:19:57","2020TankerNov47"
"3220706237",115.523765,-34.9707666667,126,13,"2020-11-16 11:19:57","2020TankerNov47"
"3220706237",115.739836667,-35.096135,122.8,13.2,"2020-11-16 12:19:58","2020TankerNov47"
"END",NA,NA,NA,NA,NA,"NA"
"3585882976",106.090768333,-15.0118766667,118.7,17,"2020-11-15 16:28:50","2020TankerNov48"
"3585882976",106.476998333,-15.22369,117.95,17.1,"2020-11-15 17:58:10","2020TankerNov48"
"3585882976",106.770888333,-15.3912933333,117.2,17.2,"2020-11-15 19:06:43","2020TankerNov48"
"3585882976",107.057581667,-15.55809,119.7,17.3,"2020-11-15 20:14:09","2020TankerNov48"
"3585882976",107.31962,-15.7058766667,120.4,17.2,"2020-11-15 21:15:32","2020TankerNov48"
"3585882976",107.6176,-15.87192,119.4,16.9,"2020-11-15 22:25:46","2020TankerNov48"
"3585882976",107.90748,-16.0361166667,118.6,16.9,"2020-11-15 23:34:33","2020TankerNov48"
"3585882976",108.170015,-16.1774466667,117.6,16.9,"2020-11-16 00:35:58","2020TankerNov48"
"3585882976",108.458551667,-16.3406466667,121.7,17.1,"2020-11-16 01:43:52","2020TankerNov48"
"3585882976",108.71269,-16.495075,121.1,17.2,"2020-11-16 02:44:51","2020TankerNov48"
"3585882976",108.979645,-16.64882,121.5,16.5,"2020-11-16 03:48:39","2020TankerNov48"
"3585882976",109.273445,-16.8088933333,119.6,16.4,"2020-11-16 04:59:02","2020TankerNov48"
"3585882976",109.518501667,-16.952295,120.7,15.9,"2020-11-16 05:59:57","2020TankerNov48"
"3585882976",109.774756667,-17.0871283333,119.3,15.7,"2020-11-16 07:03:09","2020TankerNov48"
"3585882976",110.016141667,-17.2270233333,119.7,15.5,"2020-11-16 08:04:57","2020TankerNov48"
"3585882976",110.267076667,-17.3687116667,121.3,15.4,"2020-11-16 09:09:44","2020TankerNov48"
"3585882976",110.506785,-17.5028916667,118.4,16.2,"2020-11-16 10:09:50","2020TankerNov48"
"3585882976",110.750795,-17.6423966667,122.3,16.5,"2020-11-16 11:09:57","2020TankerNov48"
"3585882976",111.001436667,-17.7780083333,119,16.5,"2020-11-16 12:09:58","2020TankerNov48"
"3585882976",111.25447,-17.91796,121.2,16.9,"2020-11-16 13:09:58","2020TankerNov48"
"3585882976",111.528856667,-18.0760383333,120.1,16.9,"2020-11-16 14:14:57","2020TankerNov48"
"3585882976",111.802755,-18.2222033333,119.2,16.6,"2020-11-16 15:19:57","2020TankerNov48"
"3585882976",112.06693,-18.3761033333,123.1,15.8,"2020-11-16 16:24:58","2020TankerNov48"
"3585882976",112.304273333,-18.5088066667,119.8,15.9,"2020-11-16 17:24:58","2020TankerNov48"
"3585882976",112.566738333,-18.65096,119.9,15.9,"2020-11-16 18:29:57","2020TankerNov48"
"3585882976",112.804708333,-18.788545,117.8,16.2,"2020-11-16 19:29:58","2020TankerNov48"
"3585882976",113.067611667,-18.9348333333,120.1,15.7,"2020-11-16 20:34:58","2020TankerNov48"
"3585882976",113.325266667,-19.076215,118.5,15.6,"2020-11-16 21:39:57","2020TankerNov48"
"3585882976",113.563341667,-19.2059416667,119.7,15.5,"2020-11-16 22:39:58","2020TankerNov48"
"3585882976",113.797215,-19.3394233333,119.1,15.5,"2020-11-16 23:39:58","2020TankerNov48"
"3585882976",114.037601667,-19.46987,120.3,15.7,"2020-11-17 00:39:58","2020TankerNov48"
"3585882976",114.296968333,-19.616035,120.8,16,"2020-11-17 01:44:57","2020TankerNov48"
"3585882976",114.53277,-19.74445,121.1,15,"2020-11-17 02:44:57","2020TankerNov48"
"3585882976",114.79196,-19.895895,123,16.5,"2020-11-17 03:49:57","2020TankerNov48"
"3585882976",115.068075,-20.041675,121.2,15.9,"2020-11-17 04:54:58","2020TankerNov48"
"3585882976",115.354335,-20.13508,103.1,16.1,"2020-11-17 05:59:57","2020TankerNov48"
"3585882976",115.635148333,-20.195035,103.6,16,"2020-11-17 06:59:58","2020TankerNov48"
"3585882976",115.832445,-20.2912683333,186.4,7.6,"2020-11-17 07:59:59","2020TankerNov48"
"3585882976",115.833348333,-20.42911,180.1,13.1,"2020-11-17 09:00:00","2020TankerNov48"
"3585882976",115.815341667,-20.6642733333,216.9,11.6,"2020-11-17 10:04:59","2020TankerNov48"
"3585882976",115.756425,-20.7524733333,200.7,3.3,"2020-11-17 11:05:00","2020TankerNov48"
"END",NA,NA,NA,NA,NA,"NA"
"3736927252",115.959586667,-35.1524,306.8,8.3,"2020-11-14 21:49:51","2020TankerNov49"
"3736927252",115.807241667,-35.065505,295.2,8.3,"2020-11-14 22:54:51","2020TankerNov49"
"3736927252",115.646136667,-34.9764033333,304.6,8.6,"2020-11-14 23:59:50","2020TankerNov49"
"3736927252",115.497403333,-34.8855566667,308,9,"2020-11-15 00:59:50","2020TankerNov49"
"3736927252",115.342926667,-34.7940116667,300.4,9.1,"2020-11-15 01:59:51","2020TankerNov49"
"3736927252",115.190456667,-34.7086383333,307.8,8.8,"2020-11-15 02:59:51","2020TankerNov49"
"3736927252",115.03934,-34.6216466667,303.8,8.5,"2020-11-15 03:59:51","2020TankerNov49"
"3736927252",114.898531667,-34.5397066667,302,8.5,"2020-11-15 04:59:51","2020TankerNov49"
"3736927252",114.782878333,-34.4159966667,341.9,9.9,"2020-11-15 06:04:50","2020TankerNov49"
"3736927252",114.724946667,-34.2460133333,342.8,10.4,"2020-11-15 07:04:51","2020TankerNov49"
"3736927252",114.684205,-34.051715,3.6,10.8,"2020-11-15 08:09:50","2020TankerNov49"
"3736927252",114.642935,-33.8685666667,341.5,10.4,"2020-11-15 09:09:51","2020TankerNov49"
"3736927252",114.561013333,-33.7008366667,343.2,10.5,"2020-11-15 10:09:51","2020TankerNov49"
"3736927252",114.468536667,-33.5274433333,341,10.3,"2020-11-15 11:14:50","2020TankerNov49"
"3736927252",114.389481667,-33.370825,344.7,10.4,"2020-11-15 12:14:51","2020TankerNov49"
"3736927252",114.308061667,-33.2030233333,341.7,10.2,"2020-11-15 13:19:51","2020TankerNov49"
"3736927252",114.228155,-33.02447,343.1,10.9,"2020-11-15 14:24:49","2020TankerNov49"
"3736927252",114.13442,-32.8169333333,330.5,11.1,"2020-11-15 15:38:01","2020TankerNov49"
"3736927252",114.036233333,-32.6229566667,337.6,11.4,"2020-11-15 16:44:30","2020TankerNov49"
"3736927252",113.953153333,-32.43341,341.6,11.4,"2020-11-15 17:49:31","2020TankerNov49"
"3736927252",113.848403333,-32.2265283333,340.5,10.9,"2020-11-15 19:03:02","2020TankerNov49"
"3736927252",113.75887,-32.0321416667,337.3,10.7,"2020-11-15 20:12:30","2020TankerNov49"
"3736927252",113.676911667,-31.8625783333,332.5,11,"2020-11-15 21:13:30","2020TankerNov49"
"3736927252",113.591175,-31.6806616667,341,10.8,"2020-11-15 22:19:41","2020TankerNov49"
"3736927252",113.51308,-31.5000233333,331.1,11.7,"2020-11-15 23:22:01","2020TankerNov49"
"3736927252",113.414468333,-31.3061083333,328.6,11.9,"2020-11-16 00:25:31","2020TankerNov49"
"3736927252",113.315285,-31.0884916667,341,12.4,"2020-11-16 01:34:51","2020TankerNov49"
"3736927252",113.21726,-30.8892616667,338.5,11.8,"2020-11-16 02:39:11","2020TankerNov49"
"3736927252",113.122908333,-30.6614583333,338.9,12.4,"2020-11-16 03:50:00","2020TankerNov49"
"3736927252",113.018145,-30.450455,332.2,12.7,"2020-11-16 04:55:31","2020TankerNov49"
"3736927252",112.90776,-30.2310866667,338,12.8,"2020-11-16 06:02:41","2020TankerNov49"
"3736927252",112.78,-29.9467383333,339.5,12.9,"2020-11-16 07:27:41","2020TankerNov49"
"3736927252",112.68043,-29.7098816667,340.3,12.8,"2020-11-16 08:38:00","2020TankerNov49"
"3736927252",112.569685,-29.47762,333.4,12.9,"2020-11-16 09:48:51","2020TankerNov49"
"3736927252",112.462856667,-29.2590283333,340.8,13.2,"2020-11-16 10:55:01","2020TankerNov49"
"3736927252",112.368308333,-29.0369166667,332.7,13,"2020-11-16 12:01:00","2020TankerNov49"
"3736927252",112.250838333,-28.829455,342,13,"2020-11-16 13:06:32","2020TankerNov49"
"3736927252",112.178013333,-28.5166666667,346.5,13.1,"2020-11-16 14:36:02","2020TankerNov49"
"3736927252",112.132841667,-28.2961516667,350.3,12.9,"2020-11-16 15:39:01","2020TankerNov49"
"3736927252",112.0877,-28.0625883333,349,13,"2020-11-16 16:44:50","2020TankerNov49"
"3736927252",112.029165,-27.7824433333,345.8,12.7,"2020-11-16 18:03:10","2020TankerNov49"
"3736927252",111.983041667,-27.5702316667,347.2,12.8,"2020-11-16 19:04:41","2020TankerNov49"
"3736927252",111.933665,-27.3560716667,352,13.1,"2020-11-16 20:04:50","2020TankerNov49"
"3736927252",111.877695,-27.1267166667,351.3,13.5,"2020-11-16 21:08:19","2020TankerNov49"
"3736927252",111.834415,-26.9034783333,349.3,13.7,"2020-11-16 22:08:51","2020TankerNov49"
"3736927252",111.791433333,-26.6760816667,349.7,13.7,"2020-11-16 23:09:45","2020TankerNov49"
"3736927252",111.73572,-26.4363633333,349.1,13.6,"2020-11-17 00:14:31","2020TankerNov49"
"3736927252",111.688778333,-26.2170766667,346.4,13.1,"2020-11-17 01:14:49","2020TankerNov49"
"3736927252",111.634176667,-25.9810216667,353.7,13.2,"2020-11-17 02:19:49","2020TankerNov49"
"3736927252",111.592576667,-25.76845,345.8,12.8,"2020-11-17 03:20:20","2020TankerNov49"
"3736927252",111.574796667,-25.5462183333,9.5,12.6,"2020-11-17 04:22:50","2020TankerNov49"
"3736927252",111.629281667,-25.3341566667,10.5,12.15,"2020-11-17 05:24:40","2020TankerNov49"
"3736927252",111.679568333,-25.1357733333,11.5,11.7,"2020-11-17 06:24:59","2020TankerNov49"
"3736927252",111.728743333,-24.9327566667,14.1,11.6,"2020-11-17 07:29:49","2020TankerNov49"
"3736927252",111.78926,-24.745115,23,12,"2020-11-17 08:29:49","2020TankerNov49"
"3736927252",111.879751667,-24.5572183333,21.6,13.1,"2020-11-17 09:29:51","2020TankerNov49"
"3736927252",111.98009,-24.35577,23.5,13.4,"2020-11-17 10:29:59","2020TankerNov49"
"3736927252",112.094036667,-24.1276766667,24.4,13.9,"2020-11-17 11:34:56","2020TankerNov49"
"3736927252",112.197083333,-23.9042383333,24,12.7,"2020-11-17 12:39:51","2020TankerNov49"
"3736927252",112.291473333,-23.7163333333,26,12.3,"2020-11-17 13:39:51","2020TankerNov49"
"3736927252",112.380245,-23.52898,23.7,12,"2020-11-17 14:39:52","2020TankerNov49"
"3736927252",112.47595,-23.34105,25.3,12.4,"2020-11-17 15:39:53","2020TankerNov49"
"3736927252",112.560105,-23.1522366667,21.5,12.3,"2020-11-17 16:39:53","2020TankerNov49"
"3736927252",112.650905,-22.9640566667,25.5,12.3,"2020-11-17 17:39:53","2020TankerNov49"
"3736927252",112.74918,-22.7571066667,24.6,12.6,"2020-11-17 18:44:53","2020TankerNov49"
"3736927252",112.851355,-22.5503416667,24.8,12.5,"2020-11-17 19:49:53","2020TankerNov49"
"3736927252",112.950998333,-22.3402166667,25.2,12.9,"2020-11-17 20:54:53","2020TankerNov49"
"3736927252",113.051016667,-22.1341733333,24,12.2,"2020-11-17 21:59:51","2020TankerNov49"
"3736927252",113.144171667,-21.94851,24.2,12,"2020-11-17 22:59:53","2020TankerNov49"
"3736927252",113.232225,-21.75999,21.7,12.1,"2020-11-17 23:59:53","2020TankerNov49"
"3736927252",113.326078333,-21.5539733333,25.9,12.4,"2020-11-18 01:04:53","2020TankerNov49"
"3736927252",113.472018333,-21.4022283333,58.5,11.7,"2020-11-18 02:09:32","2020TankerNov49"
"3736927252",113.656711667,-21.3054,56.8,12,"2020-11-18 03:09:51","2020TankerNov49"
"3736927252",113.843338333,-21.252135,83.2,11,"2020-11-18 04:09:53","2020TankerNov49"
"3736927252",114.001106667,-21.253435,90.3,8.1,"2020-11-18 05:09:53","2020TankerNov49"
"3736927252",114.146945,-21.2563766667,91.5,8,"2020-11-18 06:09:53","2020TankerNov49"
"3736927252",114.241498333,-21.3256316667,157.1,7.3,"2020-11-18 07:14:53","2020TankerNov49"
"3736927252",114.289556667,-21.434355,155.6,5.7,"2020-11-18 08:14:53","2020TankerNov49"
"3736927252",114.365138333,-21.4848016667,123.6,5.1,"2020-11-18 09:19:53","2020TankerNov49"
"3736927252",114.394261667,-21.4582233333,19.3,2,"2020-11-18 10:19:53","2020TankerNov49"
"3736927252",114.405713333,-21.4218316667,19.8,2.3,"2020-11-18 11:19:53","2020TankerNov49"
"3736927252",114.413625,-21.3788033333,4.6,2.6,"2020-11-18 12:19:54","2020TankerNov49"
"3736927252",114.420213333,-21.340695,9,2,"2020-11-18 13:19:54","2020TankerNov49"
"3736927252",114.361983333,-21.44772,203.8,10.4,"2020-11-18 14:24:52","2020TankerNov49"
"3736927252",114.291668333,-21.5799633333,213.8,6.7,"2020-11-18 15:24:53","2020TankerNov49"
"3736927252",114.270375,-21.6005083333,33.3,13.8,"2020-11-18 16:24:53","2020TankerNov49"
"3736927252",114.378308333,-21.4922816667,53.1,3.2,"2020-11-18 17:25:00","2020TankerNov49"
"3736927252",114.384768333,-21.4637433333,344.2,1.6,"2020-11-18 18:25:00","2020TankerNov49"
"3736927252",114.383753333,-21.4653183333,167.7,3.3,"2020-11-18 19:30:00","2020TankerNov49"
"3736927252",114.37375,-21.4729416667,337.6,1.6,"2020-11-18 20:34:51","2020TankerNov49"
"3736927252",114.33148,-21.5087583333,210.5,8,"2020-11-18 21:35:00","2020TankerNov49"
"3736927252",114.26708,-21.5978783333,152.9,4.8,"2020-11-18 22:39:59","2020TankerNov49"
"3736927252",114.214095,-21.5030833333,302,11,"2020-11-18 23:44:50","2020TankerNov49"
"3736927252",114.086193333,-21.41383,276.6,3.7,"2020-11-19 00:45:00","2020TankerNov49"
"3736927252",114.083096667,-21.4187733333,223.2,2.3,"2020-11-19 01:45:00","2020TankerNov49"
"3736927252",114.07048,-21.4301616667,75.7,0.2,"2020-11-19 02:50:00","2020TankerNov49"
"3736927252",114.070515,-21.4302716667,286.4,0.1,"2020-11-19 03:54:50","2020TankerNov49"
"END",NA,NA,NA,NA,NA,"NA"
"3736927252",114.069828333,-21.4297766667,311.2,0.2,"2020-11-20 05:54:51","2020TankerNov50"
"3736927252",114.070343333,-21.4301116667,239.65,0.25,"2020-11-20 06:59:50","2020TankerNov50"
"3736927252",114.072141667,-21.4327766667,168.1,0.3,"2020-11-20 08:00:00","2020TankerNov50"
"3736927252",114.111021667,-21.4413983333,104.6,9,"2020-11-20 09:00:00","2020TankerNov50"
"3736927252",114.25165,-21.5792966667,179.2,9.5,"2020-11-20 10:05:00","2020TankerNov50"
"3736927252",114.291185,-21.5915366667,1.7,8.2,"2020-11-20 11:09:49","2020TankerNov50"
"3736927252",114.35192,-21.3945633333,0.1,12.7,"2020-11-20 12:09:50","2020TankerNov50"
"3736927252",114.361628333,-21.1854533333,359.5,12.4,"2020-11-20 13:10:00","2020TankerNov50"
"3736927252",114.360278333,-20.9705033333,0,11.7,"2020-11-20 14:15:00","2020TankerNov50"
"3736927252",114.364726667,-20.7530483333,1.1,12.2,"2020-11-20 15:19:59","2020TankerNov50"
"3736927252",114.368643333,-20.5490083333,1.6,12.4,"2020-11-20 16:19:59","2020TankerNov50"
"3736927252",114.373513333,-20.3190816667,1.4,12.7,"2020-11-20 17:24:59","2020TankerNov50"
"3736927252",114.377281667,-20.10881,0,12.8,"2020-11-20 18:24:59","2020TankerNov50"
"3736927252",114.3804,-19.8766116667,1.9,12.5,"2020-11-20 19:29:59","2020TankerNov50"
"3736927252",114.383435,-19.6509966667,0.2,12.5,"2020-11-20 20:34:59","2020TankerNov50"
"3736927252",114.388456667,-19.428525,0.4,12.2,"2020-11-20 21:39:49","2020TankerNov50"
"3736927252",114.397103333,-19.224235,0.9,12.8,"2020-11-20 22:39:59","2020TankerNov50"
"3736927252",114.399821667,-19.0067683333,358.5,13.3,"2020-11-20 23:39:59","2020TankerNov50"
"3736927252",114.399093333,-18.7860433333,4.1,12.8,"2020-11-21 00:40:00","2020TankerNov50"
"3736927252",114.416226667,-18.5604133333,6,12.2,"2020-11-21 01:44:59","2020TankerNov50"
"3736927252",114.443571667,-18.3581333333,7.9,12.2,"2020-11-21 02:45:00","2020TankerNov50"
"3736927252",114.465758333,-18.1374083333,5.2,12.3,"2020-11-21 03:49:49","2020TankerNov50"
"3736927252",114.494103333,-17.9385883333,10,11.9,"2020-11-21 04:49:50","2020TankerNov50"
"3736927252",114.517848333,-17.7393033333,3.7,12.1,"2020-11-21 05:50:00","2020TankerNov50"
"3736927252",114.548395,-17.522225,7,12.4,"2020-11-21 06:55:00","2020TankerNov50"
"3736927252",114.576583333,-17.3008766667,5.8,12.2,"2020-11-21 07:59:59","2020TankerNov50"
"3736927252",114.607648333,-17.0902066667,7.4,11.5,"2020-11-21 09:04:59","2020TankerNov50"
"3736927252",114.633736667,-16.8938333333,6.1,12.3,"2020-11-21 10:05:00","2020TankerNov50"
"3736927252",114.656253333,-16.6880183333,7.9,12.4,"2020-11-21 11:05:00","2020TankerNov50"
"3736927252",114.688465,-16.48245,10.1,12.9,"2020-11-21 12:05:00","2020TankerNov50"
"3736927252",114.715643333,-16.26564,6.4,12.1,"2020-11-21 13:09:50","2020TankerNov50"
"3736927252",114.740425,-16.0670833333,5.5,11.8,"2020-11-21 14:09:59","2020TankerNov50"
"3736927252",114.760673333,-15.8673233333,7.1,12.3,"2020-11-21 15:10:00","2020TankerNov50"
"3736927252",114.787058333,-15.6618033333,7.3,12.5,"2020-11-21 16:10:00","2020TankerNov50"
"3736927252",114.814925,-15.44199,6,12.1,"2020-11-21 17:14:59","2020TankerNov50"
"3736927252",114.84037,-15.24099,7.4,12,"2020-11-21 18:14:59","2020TankerNov50"
"3736927252",114.869798333,-15.02583,6.2,11.9,"2020-11-21 19:20:00","2020TankerNov50"
"END",NA,NA,NA,NA,NA,"NA"
"5460617435",115.878448333,-20.2523283333,286,12.2,"2020-11-06 08:39:51","2020TankerNov51"
"5460617435",115.895773333,-20.2391066667,215.1,11.4,"2020-11-06 09:39:57","2020TankerNov51"
"5460617435",115.893416667,-20.34197,36.3,12.2,"2020-11-06 10:44:51","2020TankerNov51"
"5460617435",115.764731667,-20.2178816667,285,11.6,"2020-11-06 11:49:10","2020TankerNov51"
"5460617435",115.569091667,-20.1587383333,287.8,11.2,"2020-11-06 12:49:52","2020TankerNov51"
"5460617435",115.360938333,-20.1369166667,267.3,10.8,"2020-11-06 13:54:50","2020TankerNov51"
"5460617435",115.166038333,-20.1397866667,266.4,11.2,"2020-11-06 14:54:51","2020TankerNov51"
"5460617435",115.053245,-20.2809883333,189.3,11.9,"2020-11-06 15:59:50","2020TankerNov51"
"5460617435",115.009528333,-20.47614,195.1,11.8,"2020-11-06 17:00:00","2020TankerNov51"
"5460617435",114.932623333,-20.6757,205.9,11.7,"2020-11-06 18:04:51","2020TankerNov51"
"5460617435",114.959951667,-20.801425,95.6,12.5,"2020-11-06 19:04:51","2020TankerNov51"
"5460617435",115.02526,-20.9828666667,140.3,11.8,"2020-11-06 20:10:00","2020TankerNov51"
"5460617435",115.133551667,-21.10208,131.9,11.1,"2020-11-06 21:15:00","2020TankerNov51"
"5460617435",115.278311667,-21.2352416667,136.1,11.5,"2020-11-06 22:15:00","2020TankerNov51"
"5460617435",115.177893333,-21.3854,205.6,3.6,"2020-11-06 23:20:00","2020TankerNov51"
"5460617435",115.078086667,-21.4681,229.3,8.9,"2020-11-07 00:24:51","2020TankerNov51"
"5460617435",115.026748333,-21.604475,191.3,8.1,"2020-11-07 01:29:51","2020TankerNov51"
"END",NA,NA,NA,NA,NA,"NA"
"5460617435",115.007201667,-21.6764016667,329.9,0.1,"2020-11-07 23:09:57","2020TankerNov52"
"5460617435",115.00746,-21.6762666667,48.2,0.4,"2020-11-08 00:14:53","2020TankerNov52"
"5460617435",115.035583333,-21.5707833333,12.2,8.4,"2020-11-08 01:14:53","2020TankerNov52"
"5460617435",115.10057,-21.4506033333,46.2,9.9,"2020-11-08 02:14:53","2020TankerNov52"
"5460617435",115.246771667,-21.28502,356.2,12.7,"2020-11-08 03:19:43","2020TankerNov52"
"5460617435",115.127066667,-21.0533516667,325.5,18.1,"2020-11-08 04:19:59","2020TankerNov52"
"5460617435",115.074301667,-20.7370583333,350.2,19.5,"2020-11-08 05:19:59","2020TankerNov52"
"5460617435",115.033713333,-20.4187716667,352,18.9,"2020-11-08 06:19:59","2020TankerNov52"
"5460617435",114.941893333,-20.122695,4.1,18.5,"2020-11-08 07:19:59","2020TankerNov52"
"5460617435",115.043516667,-19.8207333333,17.1,19.1,"2020-11-08 08:20:00","2020TankerNov52"
"5460617435",115.158636667,-19.4875333333,16.7,19.5,"2020-11-08 09:25:00","2020TankerNov52"
"5460617435",115.34796,-19.21672,37.5,19.5,"2020-11-08 10:25:00","2020TankerNov52"
"5460617435",115.581695,-18.9419183333,38.3,19.3,"2020-11-08 11:29:59","2020TankerNov52"
"END",NA,NA,NA,NA,NA,"NA"
"6070645049",115.965421667,-16.1623733333,194.7,9.9,"2020-11-17 11:29:56","2020TankerNov53"
"6070645049",115.915176667,-16.3303283333,195.2,10.3,"2020-11-17 12:29:56","2020TankerNov53"
"6070645049",115.898378333,-16.5060683333,180.3,10.8,"2020-11-17 13:29:57","2020TankerNov53"
"6070645049",115.904678333,-16.70553,178.4,11.3,"2020-11-17 14:34:56","2020TankerNov53"
"6070645049",115.908658333,-16.891275,176.3,10.6,"2020-11-17 15:34:56","2020TankerNov53"
"6070645049",115.916105,-17.0863316667,177.3,11,"2020-11-17 16:39:57","2020TankerNov53"
"6070645049",115.929985,-17.2875933333,175,11.1,"2020-11-17 17:44:56","2020TankerNov53"
"6070645049",115.949678333,-17.478535,174.4,11.3,"2020-11-17 18:44:56","2020TankerNov53"
"6070645049",115.960898333,-17.6702616667,177.1,11.5,"2020-11-17 19:44:56","2020TankerNov53"
"6070645049",115.95811,-17.8568116667,182.3,11,"2020-11-17 20:44:56","2020TankerNov53"
"6070645049",115.949951667,-18.05595,182.3,11.1,"2020-11-17 21:49:55","2020TankerNov53"
"6070645049",115.947131667,-18.2390783333,179.7,10.8,"2020-11-17 22:49:57","2020TankerNov53"
"6070645049",115.950811667,-18.4154383333,177.7,10.2,"2020-11-17 23:49:57","2020TankerNov53"
"6070645049",115.88253,-18.58028,213.3,10.3,"2020-11-18 00:54:57","2020TankerNov53"
"6070645049",115.771666667,-18.736235,213.8,10.5,"2020-11-18 01:59:57","2020TankerNov53"
"6070645049",115.64745,-18.8799733333,223.8,10.1,"2020-11-18 03:04:57","2020TankerNov53"
"6070645049",115.51085,-19.0215383333,223.2,11.1,"2020-11-18 04:09:55","2020TankerNov53"
"6070645049",115.377113333,-19.1530116667,224.1,10.7,"2020-11-18 05:09:55","2020TankerNov53"
"6070645049",115.240643333,-19.287755,220.9,11.3,"2020-11-18 06:09:55","2020TankerNov53"
"6070645049",115.120306667,-19.4370616667,216.8,10.9,"2020-11-18 07:09:57","2020TankerNov53"
"6070645049",114.995188333,-19.59651,216.9,11,"2020-11-18 08:14:56","2020TankerNov53"
"6070645049",114.872121667,-19.758925,217,10.8,"2020-11-18 09:19:56","2020TankerNov53"
"6070645049",114.756033333,-19.9043833333,218.2,10.8,"2020-11-18 10:19:57","2020TankerNov53"
"6070645049",114.638813333,-20.0383033333,219.3,10.3,"2020-11-18 11:19:57","2020TankerNov53"
"6070645049",114.520535,-20.1877533333,189,10.5,"2020-11-18 12:24:56","2020TankerNov53"
"6070645049",114.523725,-20.3776566667,179.6,10.4,"2020-11-18 13:29:56","2020TankerNov53"
"6070645049",114.523683333,-20.55365,179.9,10.6,"2020-11-18 14:29:56","2020TankerNov53"
"6070645049",114.686356667,-20.6683483333,124.4,11.8,"2020-11-18 15:29:57","2020TankerNov53"
"6070645049",114.878316667,-20.7852116667,122.3,12,"2020-11-18 16:34:57","2020TankerNov53"
"6070645049",114.995686667,-20.9457033333,151.3,10.9,"2020-11-18 17:39:57","2020TankerNov53"
"6070645049",115.000391667,-20.941005,142.5,11,"2020-11-18 18:44:55","2020TankerNov53"
"6070645049",115.095785,-21.09567,140.2,11.6,"2020-11-18 19:44:56","2020TankerNov53"
"6070645049",115.216841667,-21.1934366667,123.4,9.6,"2020-11-18 20:44:56","2020TankerNov53"
"6070645049",115.255076667,-21.3306266667,230.7,9.7,"2020-11-18 21:44:56","2020TankerNov53"
"6070645049",115.135346667,-21.4133366667,226.8,6.6,"2020-11-18 22:44:56","2020TankerNov53"
"6070645049",115.052511667,-21.5062466667,192.5,9.3,"2020-11-18 23:44:57","2020TankerNov53"
"END",NA,NA,NA,NA,NA,"NA"
"6070645049",115.025083333,-21.6111533333,14.2,7.4,"2020-11-19 23:29:58","2020TankerNov54"
"6070645049",115.060345,-21.4819566667,32.1,9.6,"2020-11-20 00:34:58","2020TankerNov54"
"6070645049",115.17831,-21.38505,56,9.7,"2020-11-20 01:34:59","2020TankerNov54"
"6070645049",115.263518333,-21.2651933333,6.6,9.2,"2020-11-20 02:34:59","2020TankerNov54"
"6070645049",115.147303333,-21.1470633333,303.8,10.8,"2020-11-20 03:39:58","2020TankerNov54"
"6070645049",115.034613333,-20.9778883333,330.6,12.7,"2020-11-20 04:39:58","2020TankerNov54"
"6070645049",114.910206667,-20.8054866667,303.4,12.4,"2020-11-20 05:39:59","2020TankerNov54"
"6070645049",114.701813333,-20.6872933333,300.9,12.7,"2020-11-20 06:44:58","2020TankerNov54"
"6070645049",114.506428333,-20.5723516667,306.6,13,"2020-11-20 07:44:58","2020TankerNov54"
"6070645049",114.490006667,-20.3565683333,359.3,13.1,"2020-11-20 08:44:58","2020TankerNov54"
"6070645049",114.543376667,-20.1504866667,36.9,13.3,"2020-11-20 09:44:58","2020TankerNov54"
"6070645049",114.704805,-19.9602433333,39.4,13.4,"2020-11-20 10:49:58","2020TankerNov54"
"6070645049",114.8663,-19.7746066667,40.3,13,"2020-11-20 11:54:58","2020TankerNov54"
"6070645049",115.009181667,-19.605875,38.4,12.9,"2020-11-20 12:54:59","2020TankerNov54"
"6070645049",115.16291,-19.425555,39.5,12.9,"2020-11-20 13:59:58","2020TankerNov54"
"6070645049",115.306226667,-19.2626883333,38.6,12.9,"2020-11-20 14:59:58","2020TankerNov54"
"6070645049",115.444573333,-19.1022316667,39.3,11.9,"2020-11-20 15:59:58","2020TankerNov54"
"6070645049",115.57473,-18.9512283333,39.8,11.7,"2020-11-20 16:59:58","2020TankerNov54"
"6070645049",115.711391667,-18.7956433333,41.2,12.4,"2020-11-20 17:59:59","2020TankerNov54"
"END",NA,NA,NA,NA,NA,"NA"
"6101455265",105.182155,-26.7708166667,138.1,12.8,"2020-11-15 00:11:15","2020TankerNov55"
"6101455265",105.352408333,-26.94171,135.7,13.1,"2020-11-15 01:15:14","2020TankerNov55"
"6101455265",105.548778333,-27.1396816667,137.8,12.6,"2020-11-15 02:30:45","2020TankerNov55"
"6101455265",105.763731667,-27.3560933333,141,12.4,"2020-11-15 03:52:13","2020TankerNov55"
"6101455265",105.939881667,-27.540575,142.1,12,"2020-11-15 05:03:04","2020TankerNov55"
"6101455265",106.103373333,-27.7051683333,137.8,12.2,"2020-11-15 06:07:25","2020TankerNov55"
"6101455265",106.27033,-27.8725033333,136.7,11.2,"2020-11-15 07:14:53","2020TankerNov55"
"6101455265",106.451373333,-28.0545583333,136.3,11.8,"2020-11-15 08:30:34","2020TankerNov55"
"6101455265",106.616723333,-28.2098216667,140.3,11.8,"2020-11-15 09:35:03","2020TankerNov55"
"6101455265",106.78787,-28.3736333333,137.7,11.2,"2020-11-15 10:43:15","2020TankerNov55"
"6101455265",106.970373333,-28.5736516667,140.6,11.3,"2020-11-15 12:06:25","2020TankerNov55"
"6101455265",107.107751667,-28.728945,141.5,11.3,"2020-11-15 13:07:46","2020TankerNov55"
"6101455265",107.293273333,-28.924485,137,11.6,"2020-11-15 14:27:25","2020TankerNov55"
"6101455265",107.46913,-29.0851033333,140.6,12.1,"2020-11-15 15:34:33","2020TankerNov55"
"6101455265",107.64661,-29.2615633333,140.6,12.9,"2020-11-15 16:42:44","2020TankerNov55"
"6101455265",107.840683333,-29.44835,136.2,12.7,"2020-11-15 17:53:34","2020TankerNov55"
"6101455265",108.037076667,-29.6347216667,137.6,12.7,"2020-11-15 19:04:35","2020TankerNov55"
"6101455265",108.219443333,-29.8176216667,136.7,12.6,"2020-11-15 20:13:43","2020TankerNov55"
"6101455265",108.431828333,-30.0234483333,139.4,12.6,"2020-11-15 21:31:23","2020TankerNov55"
"6101455265",108.618336667,-30.2061783333,135.7,12.6,"2020-11-15 22:41:25","2020TankerNov55"
"6101455265",108.812623333,-30.38974,138.8,12.6,"2020-11-15 23:52:24","2020TankerNov55"
"6101455265",108.974361667,-30.57337,142.6,12.5,"2020-11-16 00:58:14","2020TankerNov55"
"6101455265",109.16297,-30.7655433333,138,12.5,"2020-11-16 02:10:24","2020TankerNov55"
"6101455265",109.382758333,-30.9845016667,141,13.3,"2020-11-16 03:31:55","2020TankerNov55"
"6101455265",109.571938333,-31.1664916667,132.9,12.4,"2020-11-16 04:41:04","2020TankerNov55"
"6101455265",109.769855,-31.339195,139.4,12.1,"2020-11-16 05:51:24","2020TankerNov55"
"6101455265",109.925581667,-31.49748,140.4,12.2,"2020-11-16 06:52:25","2020TankerNov55"
"6101455265",110.12998,-31.6890783333,139.2,12.2,"2020-11-16 08:08:24","2020TankerNov55"
"6101455265",110.338271667,-31.8910216667,138.5,12.6,"2020-11-16 09:26:24","2020TankerNov55"
"6101455265",110.460496667,-32.01015583335,140.15,12.6,"2020-11-16 10:11:44","2020TankerNov55"
"6101455265",110.582721667,-32.12929,141.8,12.6,"2020-11-16 10:56:44","2020TankerNov55"
"6101455265",110.762303333,-32.3184616667,138.9,12.3,"2020-11-16 12:05:42","2020TankerNov55"
"6101455265",110.92447,-32.477005,139.1,12.2,"2020-11-16 13:07:05","2020TankerNov55"
"6101455265",111.17274,-32.7087,136.8,12.9,"2020-11-16 14:37:04","2020TankerNov55"
"6101455265",111.380346667,-32.904795,137.6,14,"2020-11-16 15:47:53","2020TankerNov55"
"6101455265",111.60301,-33.1072216667,139,13.4,"2020-11-16 16:57:55","2020TankerNov55"
"6101455265",111.80697,-33.3001116667,141.1,13.4,"2020-11-16 18:07:16","2020TankerNov55"
"6101455265",111.996506667,-33.489985,138.2,12.5,"2020-11-16 19:14:27","2020TankerNov55"
"6101455265",112.175201667,-33.6792566667,141.3,12.2,"2020-11-16 20:23:47","2020TankerNov55"
"6101455265",112.356658333,-33.843975,135.6,12.4,"2020-11-16 21:28:45","2020TankerNov55"
"6101455265",112.533981667,-34.0055483333,135.7,11.8,"2020-11-16 22:33:46","2020TankerNov55"
"6101455265",112.707971667,-34.1659766667,134.7,11.8,"2020-11-16 23:38:46","2020TankerNov55"
"6101455265",112.860901667,-34.3146083333,139.7,11.6,"2020-11-17 00:38:46","2020TankerNov55"
"6101455265",113.016673333,-34.4664783333,141.4,11.7,"2020-11-17 01:39:45","2020TankerNov55"
"6101455265",113.178455,-34.6153566667,136.8,12,"2020-11-17 02:39:54","2020TankerNov55"
"6101455265",113.349991667,-34.7751866667,137.05,11.85,"2020-11-17 03:44:25","2020TankerNov55"
"6101455265",113.506726667,-34.9235283333,137.3,11.7,"2020-11-17 04:44:56","2020TankerNov55"
"6101455265",113.681571667,-35.0795283333,138.7,11.8,"2020-11-17 05:49:55","2020TankerNov55"
"6101455265",113.917101667,-35.1519516667,103.6,11.9,"2020-11-17 06:54:35","2020TankerNov55"
"6101455265",114.15755,-35.1947766667,102.6,12.3,"2020-11-17 07:54:36","2020TankerNov55"
"6101455265",114.421661667,-35.2460016667,103.2,12.4,"2020-11-17 08:59:35","2020TankerNov55"
"6101455265",114.688588333,-35.3115633333,108.1,12.9,"2020-11-17 10:04:55","2020TankerNov55"
"6101455265",114.957388333,-35.3673683333,104.1,13,"2020-11-17 11:07:46","2020TankerNov55"
"6101455265",115.224298333,-35.42466,101.4,13.2,"2020-11-17 12:09:45","2020TankerNov55"
"6101455265",115.493896667,-35.470345,102.2,13.6,"2020-11-17 13:09:56","2020TankerNov55"
"END",NA,NA,NA,NA,NA,"NA"
"6121876715",115.822605,-20.2533616667,283.3,12.1,"2020-11-19 11:29:59","2020TankerNov56"
"6121876715",115.614373333,-20.203525,285.5,11.7,"2020-11-19 12:30:00","2020TankerNov56"
"6121876715",115.40201,-20.15036,281.5,11.3,"2020-11-19 13:34:49","2020TankerNov56"
"6121876715",115.192768333,-20.1786866667,253.3,12.3,"2020-11-19 14:34:58","2020TankerNov56"
"6121876715",114.972181667,-20.2394033333,255.5,13.3,"2020-11-19 15:35:00","2020TankerNov56"
"6121876715",114.730058333,-20.31151,215.5,13.2,"2020-11-19 16:39:49","2020TankerNov56"
"6121876715",114.692143333,-20.53333,189.9,13,"2020-11-19 17:39:58","2020TankerNov56"
"6121876715",114.656705,-20.7494033333,187.7,12.9,"2020-11-19 18:40:00","2020TankerNov56"
"6121876715",114.63962,-20.9806516667,132.5,13.5,"2020-11-19 19:44:58","2020TankerNov56"
"6121876715",114.869381667,-21.0577633333,107.9,13.6,"2020-11-19 20:44:59","2020TankerNov56"
"6121876715",115.10067,-21.1301816667,112.2,12.9,"2020-11-19 21:44:59","2020TankerNov56"
"6121876715",115.247896667,-21.2799016667,159.7,10,"2020-11-19 22:49:58","2020TankerNov56"
"6121876715",115.175401667,-21.3889166667,228.1,5.6,"2020-11-19 23:50:00","2020TankerNov56"
"6121876715",115.085023333,-21.4671733333,257.4,8.5,"2020-11-20 00:55:00","2020TankerNov56"
"6121876715",115.028681667,-21.5972733333,192.6,8.1,"2020-11-20 01:59:59","2020TankerNov56"
"6121876715",115.008308333,-21.6741666667,241.4,0.6,"2020-11-20 03:05:00","2020TankerNov56"
"END",NA,NA,NA,NA,NA,"NA"
"6121876715",115.012258333,-21.66023,13.9,7.5,"2020-11-21 00:44:51","2020TankerNov57"
"6121876715",115.046368333,-21.5301366667,13.5,7.9,"2020-11-21 01:44:51","2020TankerNov57"
"6121876715",115.172293333,-21.3923933333,49.4,13.2,"2020-11-21 02:49:51","2020TankerNov57"
"6121876715",115.20391,-21.197615,331.1,14.9,"2020-11-21 03:49:58","2020TankerNov57"
"6121876715",114.928926667,-21.08171,287.2,18.7,"2020-11-21 04:49:59","2020TankerNov57"
"6121876715",114.61559,-20.98284,319.5,18.8,"2020-11-21 05:49:59","2020TankerNov57"
"6121876715",114.623786667,-20.6610233333,8.9,19.5,"2020-11-21 06:49:59","2020TankerNov57"
"6121876715",114.68347,-20.3140783333,9.5,18.7,"2020-11-21 07:54:59","2020TankerNov57"
"6121876715",114.794173333,-20.0264166667,37,19.1,"2020-11-21 08:55:00","2020TankerNov57"
"6121876715",115.010726667,-19.746495,34.7,19.1,"2020-11-21 09:59:59","2020TankerNov57"
"6121876715",115.197535,-19.4777666667,33.3,19.4,"2020-11-21 10:59:59","2020TankerNov57"
"6121876715",115.382823333,-19.212275,32.8,18.7,"2020-11-21 12:00:00","2020TankerNov57"
"6121876715",115.569108333,-18.9597933333,40.1,18.4,"2020-11-21 13:00:00","2020TankerNov57"
"6121876715",115.774703333,-18.7226366667,39.3,18.4,"2020-11-21 14:00:00","2020TankerNov57"
"END",NA,NA,NA,NA,NA,"NA"
"7085505311",114.65105,-16.6498366667,188.4,12.1,"2020-11-03 07:05:37","2020TankerNov58"
"7085505311",114.6260066665,-16.8469541667,188.15,12.45,"2020-11-03 08:05:18","2020TankerNov58"
"7085505311",114.600963333,-17.0440716667,187.9,12.8,"2020-11-03 09:04:18","2020TankerNov58"
"7085505311",114.575766667,-17.2597016667,187.9,12.4,"2020-11-03 10:05:18","2020TankerNov58"
"7085505311",114.552255,-17.4831533333,191.5,12.6,"2020-11-03 11:09:58","2020TankerNov58"
"7085505311",114.519431667,-17.7065033333,188.1,12.4,"2020-11-03 12:14:58","2020TankerNov58"
"7085505311",114.491623333,-17.9354566667,186.6,12,"2020-11-03 13:19:48","2020TankerNov58"
"7085505311",114.466841667,-18.14567,185.9,12.5,"2020-11-03 14:19:57","2020TankerNov58"
"7085505311",114.437973333,-18.3702433333,184.6,11.6,"2020-11-03 15:24:58","2020TankerNov58"
"7085505311",114.41374,-18.577045,187,12.9,"2020-11-03 16:24:58","2020TankerNov58"
"7085505311",114.3856,-18.802485,187.5,12.6,"2020-11-03 17:29:58","2020TankerNov58"
"7085505311",114.356673333,-19.031045,185.8,12.8,"2020-11-03 18:34:58","2020TankerNov58"
"7085505311",114.331593333,-19.2410433333,184.9,12.2,"2020-11-03 19:34:58","2020TankerNov58"
"7085505311",114.305221667,-19.4458233333,185.9,12.5,"2020-11-03 20:34:58","2020TankerNov58"
"7085505311",114.278461667,-19.6723083333,187,12.3,"2020-11-03 21:39:58","2020TankerNov58"
"7085505311",114.249178333,-19.89777,189,12.6,"2020-11-03 22:44:56","2020TankerNov58"
"7085505311",114.223888333,-20.1053366667,187.6,12.1,"2020-11-03 23:44:57","2020TankerNov58"
"7085505311",114.198945,-20.312165,191.5,12.4,"2020-11-04 00:44:58","2020TankerNov58"
"7085505311",114.169925,-20.5340266667,186,11.9,"2020-11-04 01:49:57","2020TankerNov58"
"7085505311",114.145226667,-20.7363333333,188,12.1,"2020-11-04 02:49:58","2020TankerNov58"
"7085505311",114.116948333,-20.9484566667,186.6,13.2,"2020-11-04 03:49:58","2020TankerNov58"
"7085505311",114.087996667,-21.1843583333,187.7,11,"2020-11-04 04:54:58","2020TankerNov58"
"7085505311",114.112505,-21.2739466667,134.6,2.2,"2020-11-04 05:54:58","2020TankerNov58"
"7085505311",114.135993333,-21.2755383333,132.9,1.7,"2020-11-04 06:59:58","2020TankerNov58"
"7085505311",114.157603333,-21.277715,130.6,1.9,"2020-11-04 08:04:58","2020TankerNov58"
"7085505311",114.176748333,-21.2796266667,140,2.1,"2020-11-04 09:04:58","2020TankerNov58"
"7085505311",114.200246667,-21.297415,64.1,1.4,"2020-11-04 10:09:58","2020TankerNov58"
"7085505311",114.22605,-21.2975833333,100.2,2.2,"2020-11-04 11:14:57","2020TankerNov58"
"7085505311",114.253188333,-21.2988666667,178,3.1,"2020-11-04 12:14:58","2020TankerNov58"
"7085505311",114.10861,-21.1680833333,336.1,5.7,"2020-11-04 13:19:58","2020TankerNov58"
"7085505311",114.139401667,-21.1561683333,131.6,1.4,"2020-11-04 14:24:57","2020TankerNov58"
"7085505311",114.16716,-21.1493166667,106.7,2.2,"2020-11-04 15:24:57","2020TankerNov58"
"7085505311",114.197023333,-21.14306,122.4,1.8,"2020-11-04 16:29:57","2020TankerNov58"
"7085505311",114.224758333,-21.1363216667,80.7,1.9,"2020-11-04 17:34:58","2020TankerNov58"
"7085505311",114.253611667,-21.1292383333,76.1,1.6,"2020-11-04 18:39:57","2020TankerNov58"
"7085505311",114.28102,-21.12168,77.1,2.4,"2020-11-04 19:39:57","2020TankerNov58"
"7085505311",114.305678333,-21.1121016667,118.6,1.3,"2020-11-04 20:39:57","2020TankerNov58"
"7085505311",114.327208333,-21.0997883333,32,1.5,"2020-11-04 21:39:58","2020TankerNov58"
"7085505311",114.350716667,-21.0823283333,43.8,1.5,"2020-11-04 22:44:57","2020TankerNov58"
"7085505311",114.372115,-21.0638883333,36.4,1.4,"2020-11-04 23:44:57","2020TankerNov58"
"7085505311",114.390441667,-21.0387966667,37.9,1.8,"2020-11-05 00:44:58","2020TankerNov58"
"7085505311",114.408733333,-21.0146366667,90.2,2.8,"2020-11-05 01:44:58","2020TankerNov58"
"7085505311",114.435896667,-21.0221366667,181.7,1.6,"2020-11-05 02:49:57","2020TankerNov58"
"7085505311",114.455613333,-21.019705,47.8,1.3,"2020-11-05 03:49:57","2020TankerNov58"
"7085505311",114.480573333,-21.013825,62.2,1.4,"2020-11-05 04:54:57","2020TankerNov58"
"7085505311",114.50562,-21.0116483333,61.3,1.3,"2020-11-05 05:54:58","2020TankerNov58"
"7085505311",114.532316667,-21.00876,57.5,1.3,"2020-11-05 06:59:58","2020TankerNov58"
"7085505311",114.558898333,-21.00458,60.3,1.5,"2020-11-05 07:59:58","2020TankerNov58"
"7085505311",114.588035,-20.9949583333,62.6,1.6,"2020-11-05 09:04:58","2020TankerNov58"
"7085505311",114.616136667,-20.9811283333,71,1.6,"2020-11-05 10:09:57","2020TankerNov58"
"7085505311",114.642015,-20.9730983333,68.4,1.5,"2020-11-05 11:09:57","2020TankerNov58"
"7085505311",114.65552,-20.9767,224.1,8,"2020-11-05 12:14:56","2020TankerNov58"
"7085505311",114.508983333,-21.1159633333,224.9,12.2,"2020-11-05 13:14:57","2020TankerNov58"
"7085505311",114.360775,-21.2554033333,221.9,11.5,"2020-11-05 14:14:58","2020TankerNov58"
"7085505311",114.281091667,-21.3524633333,110.8,2.7,"2020-11-05 15:14:58","2020TankerNov58"
"7085505311",114.323001667,-21.3398183333,66.4,2.4,"2020-11-05 16:14:58","2020TankerNov58"
"7085505311",114.36193,-21.3212983333,40,2.2,"2020-11-05 17:19:57","2020TankerNov58"
"7085505311",114.397141667,-21.3004283333,45.5,2,"2020-11-05 18:24:56","2020TankerNov58"
"7085505311",114.423655,-21.2869983333,42.5,1.4,"2020-11-05 19:24:57","2020TankerNov58"
"7085505311",114.446515,-21.270355,48.8,1.7,"2020-11-05 20:24:57","2020TankerNov58"
"7085505311",114.388766667,-21.3870033333,205.1,12.7,"2020-11-05 21:29:58","2020TankerNov58"
"7085505311",114.288948333,-21.56221,215.1,8,"2020-11-05 22:29:58","2020TankerNov58"
"7085505311",114.251096667,-21.5885716667,322.1,13.6,"2020-11-05 23:29:59","2020TankerNov58"
"7085505311",114.146488333,-21.4622066667,320,8,"2020-11-06 00:34:28","2020TankerNov58"
"7085505311",114.10328,-21.399275,45.7,1.4,"2020-11-06 01:34:56","2020TankerNov58"
"7085505311",114.108375,-21.3782383333,32.5,1.4,"2020-11-06 02:34:57","2020TankerNov58"
"7085505311",114.113743333,-21.3539566667,39.7,1.3,"2020-11-06 03:39:56","2020TankerNov58"
"7085505311",114.125276667,-21.3663166667,190,7.5,"2020-11-06 04:39:57","2020TankerNov58"
"7085505311",114.112058333,-21.4099616667,230.7,1.8,"2020-11-06 05:39:58","2020TankerNov58"
"7085505311",114.073596667,-21.4298383333,128.3,1,"2020-11-06 06:44:28","2020TankerNov58"
"7085505311",114.071651667,-21.431405,128.3,1,"2020-11-06 07:47:27","2020TankerNov58"
"END",NA,NA,NA,NA,NA,"NA"
"7085505311",114.071625,-21.4313316667,0,0.1,"2020-11-07 11:39:52","2020TankerNov59"
"7085505311",114.0718,-21.4316183333,0,0.1,"2020-11-07 12:44:50","2020TankerNov59"
"7085505311",114.072961667,-21.4303516667,0,0.5,"2020-11-07 13:44:52","2020TankerNov59"
"7085505311",114.187378333,-21.52927,140.5,12.9,"2020-11-07 14:44:53","2020TankerNov59"
"7085505311",114.257891667,-21.5532866667,2.8,13,"2020-11-07 15:49:51","2020TankerNov59"
"7085505311",114.283013333,-21.333425,4.9,13.3,"2020-11-07 16:49:51","2020TankerNov59"
"7085505311",114.306938333,-21.0921016667,7.6,13.7,"2020-11-07 17:54:50","2020TankerNov59"
"7085505311",114.334431667,-20.8680333333,6.4,13.3,"2020-11-07 18:54:50","2020TankerNov59"
"7085505311",114.356708333,-20.6476533333,8.1,13.3,"2020-11-07 19:54:52","2020TankerNov59"
"7085505311",114.389326667,-20.406095,4,13.3,"2020-11-07 20:59:51","2020TankerNov59"
"7085505311",114.412986667,-20.1664016667,4.1,13.1,"2020-11-07 22:04:51","2020TankerNov59"
"7085505311",114.433535,-19.9315216667,4.3,12.9,"2020-11-07 23:09:51","2020TankerNov59"
"7085505311",114.457828333,-19.714935,7.2,14.4,"2020-11-08 00:09:55","2020TankerNov59"
"7085505311",114.488498333,-19.4501383333,2.9,13.1,"2020-11-08 01:14:54","2020TankerNov59"
"7085505311",114.50773,-19.2496966667,3.9,10.5,"2020-11-08 02:19:51","2020TankerNov59"
"7085505311",114.525573333,-19.0740666667,7,10.6,"2020-11-08 03:19:54","2020TankerNov59"
"7085505311",114.544266667,-18.88165,5.7,10.5,"2020-11-08 04:24:52","2020TankerNov59"
"7085505311",114.569911667,-18.684735,8,10.6,"2020-11-08 05:29:53","2020TankerNov59"
"7085505311",114.588646667,-18.4898466667,7.8,12.7,"2020-11-08 06:29:53","2020TankerNov59"
"7085505311",114.614758333,-18.2612533333,7.4,12.6,"2020-11-08 07:34:53","2020TankerNov59"
"7085505311",114.634928333,-18.0317516667,9.5,12.6,"2020-11-08 08:39:42","2020TankerNov59"
"7085505311",114.661715,-17.8225816667,7.9,12.6,"2020-11-08 09:39:53","2020TankerNov59"
"7085505311",114.685756667,-17.6129983333,4,12.2,"2020-11-08 10:39:53","2020TankerNov59"
"7085505311",114.706563333,-17.3918133333,6.6,12.2,"2020-11-08 11:44:53","2020TankerNov59"
"7085505311",114.729723333,-17.1798466667,3.3,13.2,"2020-11-08 12:44:54","2020TankerNov59"
"7085505311",114.75314,-16.9584666667,9.7,13.5,"2020-11-08 13:44:58","2020TankerNov59"
"7085505311",114.778495,-16.7196183333,5.1,13.3,"2020-11-08 14:49:52","2020TankerNov59"
"7085505311",114.802325,-16.49822,5.2,13.3,"2020-11-08 15:49:52","2020TankerNov59"
"7085505311",114.823868333,-16.285835,4.8,12.3,"2020-11-08 16:49:54","2020TankerNov59"
"7085505311",114.845201667,-16.074095,3,13.2,"2020-11-08 17:49:54","2020TankerNov59"
"7085505311",114.869545,-15.8415033333,4.9,13,"2020-11-08 18:54:54","2020TankerNov59"
"7085505311",114.895033333,-15.60855,4.1,12.8,"2020-11-08 19:59:53","2020TankerNov59"
"7085505311",114.923301667,-15.3759066667,5,13.2,"2020-11-08 21:04:43","2020TankerNov59"
"END",NA,NA,NA,NA,NA,"NA"
"7454284895",115.74145,-15.03655,179,13.6,"2020-11-08 22:04:57","2020TankerNov60"
"7454284895",115.7495,-15.2682666667,178,13.8,"2020-11-08 23:04:59","2020TankerNov60"
"7454284895",115.760083333,-15.4983833333,175,13.6,"2020-11-09 00:04:59","2020TankerNov60"
"7454284895",115.7577,-15.72055,182,13.1,"2020-11-09 01:04:59","2020TankerNov60"
"7454284895",115.756916667,-15.9605166667,174,13.5,"2020-11-09 02:09:59","2020TankerNov60"
"7454284895",115.766533333,-16.1818833333,177,12.9,"2020-11-09 03:09:59","2020TankerNov60"
"7454284895",115.771333333,-16.4248166667,180,14.8,"2020-11-09 04:09:59","2020TankerNov60"
"7454284895",115.78009,-16.6938616667,175,15,"2020-11-09 05:14:59","2020TankerNov60"
"7454284895",115.795381667,-16.9423733333,176,14.7,"2020-11-09 06:14:59","2020TankerNov60"
"7454284895",115.806545,-17.19165,180,15,"2020-11-09 07:14:59","2020TankerNov60"
"7454284895",115.795783333,-17.445325,177,15.1,"2020-11-09 08:14:59","2020TankerNov60"
"7454284895",115.805681667,-17.7103466667,180,14.1,"2020-11-09 09:19:59","2020TankerNov60"
"7454284895",115.807783333,-17.95005,180,14.8,"2020-11-09 10:19:59","2020TankerNov60"
"7454284895",115.794416667,-18.2140833333,179,14.6,"2020-11-09 11:24:58","2020TankerNov60"
"7454284895",115.80385,-18.4749333333,178,13.5,"2020-11-09 12:29:31","2020TankerNov60"
"7454284895",115.801916667,-18.7052,172,14.2,"2020-11-09 13:29:58","2020TankerNov60"
"7454284895",115.828861667,-18.9567433333,178,13.7,"2020-11-09 14:34:54","2020TankerNov60"
"7454284895",115.840216667,-19.1902,178,14.2,"2020-11-09 15:34:59","2020TankerNov60"
"7454284895",115.846016667,-19.4374333333,179,13.5,"2020-11-09 16:39:51","2020TankerNov60"
"7454284895",115.8388,-19.6801,183,13.1,"2020-11-09 17:44:40","2020TankerNov60"
"7454284895",115.842516667,-19.9018833333,178,13.3,"2020-11-09 18:44:52","2020TankerNov60"
"7454284895",115.849416667,-20.1401666667,178,13.2,"2020-11-09 19:49:51","2020TankerNov60"
"7454284895",115.844583333,-20.3612166667,182,13.4,"2020-11-09 20:49:51","2020TankerNov60"
"7454284895",115.832783333,-20.5835666667,184,13.3,"2020-11-09 21:49:51","2020TankerNov60"
"7454284895",115.720216667,-20.7361666667,237,8.2,"2020-11-09 22:49:51","2020TankerNov60"
"7454284895",115.623766667,-20.7937166667,236,8.6,"2020-11-09 23:54:59","2020TankerNov60"
"END",NA,NA,NA,NA,NA,"NA"
"7454284895",115.490933333,-20.8132666667,315,0.1,"2020-11-11 01:09:55","2020TankerNov61"
"7454284895",115.490933333,-20.81325,283,0.1,"2020-11-11 02:09:58","2020TankerNov61"
"7454284895",115.490933333,-20.81325,188,4.7,"2020-11-11 03:13:01","2020TankerNov61"
"7454284895",115.53495,-20.83995,93,9.3,"2020-11-11 04:14:54","2020TankerNov61"
"7454284895",115.731283333,-20.7285666667,54,15.1,"2020-11-11 05:14:58","2020TankerNov61"
"7454284895",115.83477,-20.50556,0,14.4,"2020-11-11 06:19:57","2020TankerNov61"
"7454284895",115.838683333,-20.25435,4,14.2,"2020-11-11 07:22:40","2020TankerNov61"
"7454284895",115.843591667,-20.0078416667,0,14.6,"2020-11-11 08:24:57","2020TankerNov61"
"7454284895",115.840033333,-19.7651,0,14.6,"2020-11-11 09:24:58","2020TankerNov61"
"7454284895",115.833885,-19.5201333333,0,14.7,"2020-11-11 10:24:58","2020TankerNov61"
"7454284895",115.832133333,-19.2601833333,0,14,"2020-11-11 11:29:57","2020TankerNov61"
"7454284895",115.83387,-19.0008833333,359,14.2,"2020-11-11 12:34:58","2020TankerNov61"
"7454284895",115.833548333,-18.7606083333,359,14.1,"2020-11-11 13:34:58","2020TankerNov61"
"7454284895",115.8265,-18.5029833333,0,14.5,"2020-11-11 14:39:57","2020TankerNov61"
"7454284895",115.817766667,-18.2306666667,0,15.2,"2020-11-11 15:44:57","2020TankerNov61"
"7454284895",115.815163333,-17.98044,4,14.5,"2020-11-11 16:44:58","2020TankerNov61"
"7454284895",115.809603333,-17.7190116667,1,13.9,"2020-11-11 17:49:58","2020TankerNov61"
"7454284895",115.81375,-17.46219,1,14.4,"2020-11-11 18:54:10","2020TankerNov61"
"7454284895",115.817778333,-17.217185,1,14.4,"2020-11-11 19:54:58","2020TankerNov61"
"7454284895",115.813821667,-16.9593033333,357,14.5,"2020-11-11 20:59:58","2020TankerNov61"
"7454284895",115.801771667,-16.6998133333,0,14.1,"2020-11-11 22:04:52","2020TankerNov61"
"7454284895",115.799583333,-16.45935,4,14.4,"2020-11-11 23:04:58","2020TankerNov61"
"7454284895",115.791716667,-16.1939,0,15.1,"2020-11-12 00:09:52","2020TankerNov61"
"7454284895",115.792516667,-15.9218,1,15,"2020-11-12 01:14:51","2020TankerNov61"
"7454284895",115.790395,-15.6703,359,15.2,"2020-11-12 02:14:58","2020TankerNov61"
"7454284895",115.787758333,-15.4228866667,0,14.4,"2020-11-12 03:15:22","2020TankerNov61"
"END",NA,NA,NA,NA,NA,"NA"
"7519612469",115.916166667,-20.164,275,12.1,"2020-11-24 08:09:54","2020TankerNov62"
"7519612469",115.703333333,-20.1445,276,12.2,"2020-11-24 09:09:54","2020TankerNov62"
"7519612469",115.472833333,-20.1246666667,275,12.2,"2020-11-24 10:14:45","2020TankerNov62"
"7519612469",115.247833333,-20.1653333333,252,12.3,"2020-11-24 11:19:45","2020TankerNov62"
"7519612469",115.040833333,-20.2333333333,249,12.7,"2020-11-24 12:19:45","2020TankerNov62"
"7519612469",114.8135,-20.316,247,12.7,"2020-11-24 13:24:44","2020TankerNov62"
"7519612469",114.583666667,-20.3935,254,12.7,"2020-11-24 14:29:44","2020TankerNov62"
"7519612469",114.508666667,-20.581,185,12.5,"2020-11-24 15:34:42","2020TankerNov62"
"7519612469",114.491833333,-20.7866666667,184,12.3,"2020-11-24 16:34:44","2020TankerNov62"
"7519612469",114.443666667,-21.0051666667,187,12.1,"2020-11-24 17:39:44","2020TankerNov62"
"7519612469",114.610166667,-21.0798333333,128,12.4,"2020-11-24 18:39:45","2020TankerNov62"
"7519612469",114.801666667,-21.0775,90,11.9,"2020-11-24 19:44:45","2020TankerNov62"
"7519612469",115.031833333,-21.0665,136.333333333333,11.5,"2020-11-24 20:49:25","2020TankerNov62"
"7519612469",115.2045,-21.1575,182.666666666667,11.1,"2020-11-24 21:49:25","2020TankerNov62"
"7519612469",115.224166667,-21.3488333333,229,10.7,"2020-11-24 22:54:24","2020TankerNov62"
"7519612469",115.1165,-21.438,231,7.3,"2020-11-24 23:54:25","2020TankerNov62"
"7519612469",115.040833333,-21.5506666667,194,8.1,"2020-11-25 00:59:25","2020TankerNov62"
"END",NA,NA,NA,NA,NA,"NA"
"7519612469",115.020666667,-21.6283333333,13,8.1,"2020-11-26 09:59:54","2020TankerNov63"
"7519612469",115.0555,-21.4951666667,14,9.6,"2020-11-26 10:59:55","2020TankerNov63"
"7519612469",115.201166667,-21.3678333333,49,10.7,"2020-11-26 12:04:54","2020TankerNov63"
"7519612469",115.246833333,-21.2108333333,323,11.4,"2020-11-26 13:04:54","2020TankerNov63"
"7519612469",115.023666667,-21.0805,281,18.8,"2020-11-26 14:04:58","2020TankerNov63"
"7519612469",114.741333333,-20.939,326,19.2,"2020-11-26 15:04:58","2020TankerNov63"
"7519612469",114.679,-20.6241666667,359,19.1,"2020-11-26 16:04:58","2020TankerNov63"
"7519612469",114.680833333,-20.2788333333,359,18.9,"2020-11-26 17:09:58","2020TankerNov63"
"7519612469",114.691833333,-19.9523333333,34,19.9,"2020-11-26 18:09:58","2020TankerNov63"
"7519612469",114.896833333,-19.6876666667,40,19.5,"2020-11-26 19:09:58","2020TankerNov63"
"7519612469",115.144333333,-19.4236666667,42,19.6,"2020-11-26 20:14:56","2020TankerNov63"
"7519612469",115.392833333,-19.1591666667,43,19.2,"2020-11-26 21:19:55","2020TankerNov63"
"7519612469",115.626333333,-18.889,38,19.9,"2020-11-26 22:24:55","2020TankerNov63"
"END",NA,NA,NA,NA,NA,"NA"
"9865626156",114.563843333,-15.1649616667,188.9,12.6,"2020-11-25 21:19:45","2020TankerNov64"
"9865626156",114.524046667,-15.39173,189.8,12.6,"2020-11-25 22:24:35","2020TankerNov64"
"9865626156",114.491741667,-15.6197883333,190.8,12.6,"2020-11-25 23:29:45","2020TankerNov64"
"9865626156",114.452128333,-15.849955,188.1,12.2,"2020-11-26 00:36:37","2020TankerNov64"
"9865626156",114.414676667,-16.0775083333,189.6,12.2,"2020-11-26 01:44:16","2020TankerNov64"
"9865626156",114.380545,-16.29153,190.8,12.2,"2020-11-26 02:47:05","2020TankerNov64"
"9865626156",114.342433333,-16.5038266667,188.9,12.2,"2020-11-26 03:49:55","2020TankerNov64"
"9865626156",114.307355,-16.708015,188.5,12.2,"2020-11-26 04:49:55","2020TankerNov64"
"9865626156",114.273966667,-16.927945,182.7,12.1,"2020-11-26 05:54:56","2020TankerNov64"
"9865626156",114.232311667,-17.140615,189.3,11.9,"2020-11-26 06:59:55","2020TankerNov64"
"9865626156",114.192318333,-17.3543083333,189.5,12.2,"2020-11-26 08:04:56","2020TankerNov64"
"9865626156",114.1557,-17.5774983333,189.2,12.4,"2020-11-26 09:09:56","2020TankerNov64"
"9865626156",114.121291667,-17.8017633333,186.9,12.4,"2020-11-26 10:14:55","2020TankerNov64"
"9865626156",114.08547,-18.023815,187.8,12.2,"2020-11-26 11:19:56","2020TankerNov64"
"9865626156",114.047895,-18.2443233333,190.1,12.2,"2020-11-26 12:24:54","2020TankerNov64"
"9865626156",114.013211667,-18.447895,189.9,12.4,"2020-11-26 13:24:56","2020TankerNov64"
"9865626156",113.974228333,-18.669475,190.333333333333,12.4,"2020-11-26 14:29:46","2020TankerNov64"
"9865626156",113.936171667,-18.8777966667,190.766666666667,12.4,"2020-11-26 15:29:55","2020TankerNov64"
"9865626156",113.896758333,-19.0870233333,191.2,12.4,"2020-11-26 16:29:56","2020TankerNov64"
"9865626156",113.85543,-19.30775,190.1,12.3,"2020-11-26 17:34:56","2020TankerNov64"
"9865626156",113.809191667,-19.5250833333,190.3,12.1,"2020-11-26 18:39:55","2020TankerNov64"
"9865626156",113.775188333,-19.73918,190.7,11.8,"2020-11-26 19:44:55","2020TankerNov64"
"9865626156",113.741586667,-19.9251816667,189.2,10.9,"2020-11-26 20:44:56","2020TankerNov64"
"9865626156",113.703566667,-20.1204183333,191.8,11.2,"2020-11-26 21:49:54","2020TankerNov64"
"9865626156",113.672816667,-20.3021,192.1,11,"2020-11-26 22:49:55","2020TankerNov64"
"9865626156",113.637338333,-20.4798016667,189.1,10.5,"2020-11-26 23:49:55","2020TankerNov64"
"9865626156",113.605786667,-20.66126,189.8,11.1,"2020-11-27 00:49:56","2020TankerNov64"
"9865626156",113.57208,-20.8474983333,189.5,11.2,"2020-11-27 01:49:56","2020TankerNov64"
"9865626156",113.533053333,-21.0324416667,192.4,11.2,"2020-11-27 02:49:56","2020TankerNov64"
"9865626156",113.491763333,-21.2319516667,189.7,11.1,"2020-11-27 03:54:55","2020TankerNov64"
"9865626156",113.461211667,-21.41523,189.3,11.1,"2020-11-27 04:54:56","2020TankerNov64"
"9865626156",113.423643333,-21.6109583333,189.7,11.1,"2020-11-27 05:59:56","2020TankerNov64"
"9865626156",113.390753333,-21.79121,190.1,11.1,"2020-11-27 06:59:56","2020TankerNov64"
"9865626156",113.358008333,-21.97518,190.5,11.1,"2020-11-27 07:59:56","2020TankerNov64"
"9865626156",113.318271667,-22.17158,191.5,11.1,"2020-11-27 09:04:56","2020TankerNov64"
"9865626156",113.28591,-22.3701316667,188.4,10.7,"2020-11-27 10:09:56","2020TankerNov64"
"9865626156",113.246721667,-22.5432216667,191.6,10.2,"2020-11-27 11:09:56","2020TankerNov64"
"9865626156",113.209428333,-22.7178233333,194.7,10.8,"2020-11-27 12:09:56","2020TankerNov64"
"9865626156",113.157326667,-22.9064466667,194.3,10.6,"2020-11-27 13:14:54","2020TankerNov64"
"9865626156",113.106351667,-23.0862333333,193.1,9.9,"2020-11-27 14:19:55","2020TankerNov64"
"9865626156",113.059433333,-23.2507283333,193.7,10,"2020-11-27 15:19:55","2020TankerNov64"
"9865626156",113.012431667,-23.4149166667,194.9,10.4,"2020-11-27 16:19:55","2020TankerNov64"
"9865626156",112.96584,-23.57949,195.2,10.2,"2020-11-27 17:19:55","2020TankerNov64"
"9865626156",112.91578,-23.7574883333,195.6,10.5,"2020-11-27 18:24:44","2020TankerNov64"
"9865626156",112.861851667,-23.9446066667,194.2,10.6,"2020-11-27 19:29:55","2020TankerNov64"
"9865626156",112.814403333,-24.1147333333,196.9,10.1,"2020-11-27 20:29:55","2020TankerNov64"
"9865626156",112.760956667,-24.28509,194.6,10.2,"2020-11-27 21:32:05","2020TankerNov64"
"9865626156",112.713821667,-24.46011,195.3,10.3,"2020-11-27 22:33:14","2020TankerNov64"
"9865626156",112.66206,-24.6431783333,195.1,11,"2020-11-27 23:35:36","2020TankerNov64"
"9865626156",112.602891667,-24.8522366667,197.1,11.3,"2020-11-28 00:44:16","2020TankerNov64"
"9865626156",112.530711667,-25.0799283333,195.5,11.4,"2020-11-28 01:58:17","2020TankerNov64"
"9865626156",112.469968333,-25.2769933333,197.3,11.3,"2020-11-28 03:03:06","2020TankerNov64"
"9865626156",112.418605,-25.488845,187.4,11.6,"2020-11-28 04:11:07","2020TankerNov64"
"9865626156",112.453093333,-25.696555,169,12.2,"2020-11-28 05:14:56","2020TankerNov64"
"9865626156",112.503968333,-25.92934,168.4,12,"2020-11-28 06:24:56","2020TankerNov64"
"9865626156",112.557361667,-26.1467166667,166.7,12.1,"2020-11-28 07:30:45","2020TankerNov64"
"9865626156",112.611805,-26.3544933333,166.3,12.3,"2020-11-28 08:32:45","2020TankerNov64"
"9865626156",112.662521667,-26.55862,166.5,12.5,"2020-11-28 09:33:14","2020TankerNov64"
"9865626156",112.719396667,-26.7910583333,167.7,12.2,"2020-11-28 10:43:36","2020TankerNov64"
"9865626156",112.773973333,-27.014275,167.3,11.3,"2020-11-28 11:53:06","2020TankerNov64"
"9865626156",112.827045,-27.2280366667,168,11.5,"2020-11-28 13:01:55","2020TankerNov64"
"9865626156",112.880585,-27.4445116667,166.3,11,"2020-11-28 14:12:35","2020TankerNov64"
"9865626156",112.928126667,-27.6366883333,167.2,10.9,"2020-11-28 15:15:56","2020TankerNov64"
"9865626156",112.988633333,-27.8825416667,166.9,11.3,"2020-11-28 16:36:36","2020TankerNov64"
"9865626156",113.043278333,-28.1071266667,167.3,11.2,"2020-11-28 17:49:24","2020TankerNov64"
"9865626156",113.097796667,-28.3199866667,168.5,11.6,"2020-11-28 18:57:46","2020TankerNov64"
"9865626156",113.149318333,-28.5274433333,168.5,11.7,"2020-11-28 20:03:16","2020TankerNov64"
"9865626156",113.206113333,-28.761465,165.1,11.9,"2020-11-28 21:15:25","2020TankerNov64"
"9865626156",113.275363333,-29.0347066667,166.1,12,"2020-11-28 22:39:46","2020TankerNov64"
"9865626156",113.337205,-29.2610966667,166,12.3,"2020-11-28 23:47:47","2020TankerNov64"
"9865626156",113.395486667,-29.5003683333,168,12.4,"2020-11-29 00:58:15","2020TankerNov64"
"9865626156",113.451763333,-29.7186633333,168.4,12.5,"2020-11-29 02:02:45","2020TankerNov64"
"9865626156",113.505623333,-29.9483116667,168.6,12.4,"2020-11-29 03:10:26","2020TankerNov64"
"9865626156",113.560963333,-30.1845066667,174.2,12.6,"2020-11-29 04:21:15","2020TankerNov64"
"9865626156",113.628906667,-30.4259316667,160.9,12.7,"2020-11-29 05:31:46","2020TankerNov64"
"9865626156",113.676176667,-30.64659,168.4,12.8,"2020-11-29 06:34:25","2020TankerNov64"
"9865626156",113.746563333,-30.8660966667,166.9,13.1,"2020-11-29 07:36:56","2020TankerNov64"
"9865626156",113.80133,-31.0812066667,169.2,13,"2020-11-29 08:37:35","2020TankerNov64"
"9865626156",113.856181667,-31.314945,170.9,12.7,"2020-11-29 09:43:34","2020TankerNov64"
"9865626156",113.910813333,-31.5524216667,167.6,12.2,"2020-11-29 10:52:56","2020TankerNov64"
"9865626156",113.974826667,-31.7838616667,167.5,12,"2020-11-29 12:03:15","2020TankerNov64"
"9865626156",114.03136,-31.9973866667,167.1,11,"2020-11-29 13:11:46","2020TankerNov64"
"9865626156",114.087041667,-32.2149933333,165,11.5,"2020-11-29 14:24:45","2020TankerNov64"
"9865626156",114.135951667,-32.4022316667,167.4,11.3,"2020-11-29 15:24:56","2020TankerNov64"
"9865626156",114.19192,-32.6229983333,166.1,11.3,"2020-11-29 16:35:36","2020TankerNov64"
"9865626156",114.242863333,-32.81263,170.7,10.8,"2020-11-29 17:38:14","2020TankerNov64"
"9865626156",114.290861667,-32.9942633333,166.9,11,"2020-11-29 18:39:54","2020TankerNov64"
"9865626156",114.337266667,-33.171685,168,10.9,"2020-11-29 19:39:54","2020TankerNov64"
"9865626156",114.381201667,-33.3447233333,166.2,10,"2020-11-29 20:39:54","2020TankerNov64"
"9865626156",114.424705,-33.5081716667,169.5,9.9,"2020-11-29 21:39:54","2020TankerNov64"
"9865626156",114.470018333,-33.6677716667,160.7,9.8,"2020-11-29 22:39:55","2020TankerNov64"
"9865626156",114.523393333,-33.8233833333,156.1,8.5,"2020-11-29 23:44:56","2020TankerNov64"
"9865626156",114.56732,-33.9668983333,167.5,8.6,"2020-11-30 00:49:55","2020TankerNov64"
"9865626156",114.61708,-34.11992,168,8.6,"2020-11-30 01:54:55","2020TankerNov64"
"9865626156",114.666248333,-34.264625,161.9,9.4,"2020-11-30 02:54:55","2020TankerNov64"
"9865626156",114.723688333,-34.4215933333,161.3,9.1,"2020-11-30 03:59:55","2020TankerNov64"
"9865626156",114.816768333,-34.5580866667,116.1,11.8,"2020-11-30 04:59:55","2020TankerNov64"
"9865626156",115.020881667,-34.6754083333,124.7,11.1,"2020-11-30 06:04:54","2020TankerNov64"
"9865626156",115.208423333,-34.7829133333,124.8,11.3,"2020-11-30 07:04:55","2020TankerNov64"
"9865626156",115.3921,-34.8884633333,120.3,11.1,"2020-11-30 08:04:55","2020TankerNov64"
"9865626156",115.590631667,-35.0008683333,126.1,11.2,"2020-11-30 09:09:54","2020TankerNov64"
"9865626156",115.781318333,-35.1130383333,121.7,11.7,"2020-11-30 10:09:54","2020TankerNov64"
"END",NA,NA,NA,NA,NA,"NA"
"10359960823",114.569858333,-15.0167583333,190.6,12.2,"2020-11-17 02:34:49","2020TankerNov65"
"10359960823",114.537218333,-15.2179016667,188.3,12.1,"2020-11-17 03:34:49","2020TankerNov65"
"10359960823",114.493,-15.4162816667,190.9,12.2,"2020-11-17 04:34:49","2020TankerNov65"
"10359960823",114.448463333,-15.6302833333,198.7,11.8,"2020-11-17 05:39:48","2020TankerNov65"
"10359960823",114.417606667,-15.835365,185.4,11.3,"2020-11-17 06:44:49","2020TankerNov65"
"10359960823",114.392046667,-16.0209883333,189,11.3,"2020-11-17 07:44:49","2020TankerNov65"
"10359960823",114.352008333,-16.2300933333,190,11.7,"2020-11-17 08:49:47","2020TankerNov65"
"10359960823",114.316763333,-16.4264333333,189.4,11.7,"2020-11-17 09:49:48","2020TankerNov65"
"10359960823",114.2841,-16.6221183333,187.8,12,"2020-11-17 10:49:48","2020TankerNov65"
"10359960823",114.253913333,-16.8201716667,187.5,12,"2020-11-17 11:49:48","2020TankerNov65"
"10359960823",114.216073333,-17.0360383333,194.6,12,"2020-11-17 12:54:49","2020TankerNov65"
"10359960823",114.159466667,-17.25317,192.7,12.4,"2020-11-17 13:59:49","2020TankerNov65"
"10359960823",114.115798333,-17.4736833333,191,12.4,"2020-11-17 15:04:48","2020TankerNov65"
"10359960823",114.080125,-17.6781983333,188.7,12.6,"2020-11-17 16:04:48","2020TankerNov65"
"10359960823",114.045823333,-17.883275,189.2,12.2,"2020-11-17 17:04:49","2020TankerNov65"
"10359960823",114.011318333,-18.1014583333,187.4,12.3,"2020-11-17 18:09:48","2020TankerNov65"
"10359960823",113.980181667,-18.3080166667,188.8,12.4,"2020-11-17 19:09:49","2020TankerNov65"
"10359960823",113.934283333,-18.529165,192.8,12.3,"2020-11-17 20:14:47","2020TankerNov65"
"10359960823",113.892983333,-18.7317283333,191.2,12.1,"2020-11-17 21:14:48","2020TankerNov65"
"10359960823",113.857653333,-18.9275,189.8,12.2,"2020-11-17 22:14:48","2020TankerNov65"
"10359960823",113.815685,-19.1378083333,193.1,11.5,"2020-11-17 23:19:47","2020TankerNov65"
"10359960823",113.770408333,-19.32795,190.2,11.6,"2020-11-18 00:19:48","2020TankerNov65"
"10359960823",113.743343333,-19.53539,185.4,11.4,"2020-11-18 01:24:49","2020TankerNov65"
"10359960823",113.717148333,-19.7434466667,191.6,11.9,"2020-11-18 02:29:49","2020TankerNov65"
"10359960823",113.67563,-19.9544133333,189.7,12,"2020-11-18 03:34:47","2020TankerNov65"
"10359960823",113.635793333,-20.15097,192.3,12.1,"2020-11-18 04:34:48","2020TankerNov65"
"10359960823",113.591781667,-20.3592416667,190.4,11.5,"2020-11-18 05:39:49","2020TankerNov65"
"10359960823",113.555415,-20.5711833333,185.4,11.9,"2020-11-18 06:44:48","2020TankerNov65"
"10359960823",113.523725,-20.786725,187.9,12.5,"2020-11-18 07:49:47","2020TankerNov65"
"10359960823",113.485081667,-20.9948066667,197.5,12.5,"2020-11-18 08:49:49","2020TankerNov65"
"10359960823",113.430246667,-21.19827,189.4,12.5,"2020-11-18 09:49:49","2020TankerNov65"
"10359960823",113.390066667,-21.4219316667,190.5,12.3,"2020-11-18 10:54:49","2020TankerNov65"
"10359960823",113.355205,-21.635475,184.9,12.1,"2020-11-18 11:59:08","2020TankerNov65"
"10359960823",113.333816667,-21.8392266667,189,11.9,"2020-11-18 12:59:48","2020TankerNov65"
"10359960823",113.290161667,-22.037555,192.4,12,"2020-11-18 13:59:49","2020TankerNov65"
"10359960823",113.242318333,-22.2525616667,189.3,12.1,"2020-11-18 15:04:48","2020TankerNov65"
"10359960823",113.208845,-22.44968,186.8,11.8,"2020-11-18 16:04:49","2020TankerNov65"
"10359960823",113.171778333,-22.6607766667,189.9,11.5,"2020-11-18 17:09:47","2020TankerNov65"
"10359960823",113.139483333,-22.8504083333,188,11.8,"2020-11-18 18:09:48","2020TankerNov65"
"10359960823",113.104705,-23.0627733333,190.5,11.7,"2020-11-18 19:14:48","2020TankerNov65"
"10359960823",113.060561667,-23.2636233333,191.2,12.3,"2020-11-18 20:16:08","2020TankerNov65"
"10359960823",113.013725,-23.4724583333,193.3,12.1,"2020-11-18 21:19:48","2020TankerNov65"
"10359960823",112.958921667,-23.685395,193.7,12.2,"2020-11-18 22:24:48","2020TankerNov65"
"10359960823",112.917636667,-23.8765183333,185.2,11.7,"2020-11-18 23:24:48","2020TankerNov65"
"10359960823",112.892018333,-24.0868733333,184.6,11.8,"2020-11-19 00:29:48","2020TankerNov65"
"10359960823",112.863758333,-24.2921916667,191.6,11.1,"2020-11-19 01:33:47","2020TankerNov65"
"10359960823",112.826598333,-24.48478,190.5,11.8,"2020-11-19 02:34:47","2020TankerNov65"
"10359960823",112.795825,-24.6740733333,188.9,11.6,"2020-11-19 03:34:48","2020TankerNov65"
"10359960823",112.755633333,-24.8823766667,189.8,11.9,"2020-11-19 04:39:47","2020TankerNov65"
"10359960823",112.716891667,-25.0777666667,190.7,12.4,"2020-11-19 05:39:48","2020TankerNov65"
"10359960823",112.671348333,-25.2902466667,189.7,12.2,"2020-11-19 06:44:47","2020TankerNov65"
"10359960823",112.634441667,-25.504645,188.3,12,"2020-11-19 07:49:46","2020TankerNov65"
"10359960823",112.609336667,-25.7009266667,171.4,12.1,"2020-11-19 08:49:48","2020TankerNov65"
"10359960823",112.639825,-25.9053866667,170.6,11.1,"2020-11-19 09:54:48","2020TankerNov65"
"10359960823",112.676846667,-26.0913266667,168.9,11.9,"2020-11-19 10:54:48","2020TankerNov65"
"10359960823",112.732766667,-26.3116583333,167.1,12.2,"2020-11-19 12:01:27","2020TankerNov65"
"10359960823",112.798216667,-26.5505516667,167.55,12.45,"2020-11-19 13:12:47","2020TankerNov65"
"10359960823",112.85075,-26.762455,168,12.7,"2020-11-19 14:14:46","2020TankerNov65"
"10359960823",112.902216667,-26.9864133333,168.2,12.7,"2020-11-19 15:19:47","2020TankerNov65"
"10359960823",112.955188333,-27.2080233333,167,12.8,"2020-11-19 16:24:08","2020TankerNov65"
"10359960823",113.011496667,-27.4466216667,170.2,13,"2020-11-19 17:33:07","2020TankerNov65"
"10359960823",113.059313333,-27.6695683333,167,12.2,"2020-11-19 18:38:08","2020TankerNov65"
"10359960823",113.115381667,-27.9468216667,171.8,12.1,"2020-11-19 20:00:49","2020TankerNov65"
"10359960823",113.164641667,-28.18296,165.2,12.1,"2020-11-19 21:12:48","2020TankerNov65"
"10359960823",113.218181667,-28.3891633333,164.5,12.4,"2020-11-19 22:14:28","2020TankerNov65"
"10359960823",113.289926667,-28.62053,167,13.1,"2020-11-19 23:21:49","2020TankerNov65"
"10359960823",113.351928333,-28.887055,171.3,13.3,"2020-11-20 00:36:09","2020TankerNov65"
"10359960823",113.398751667,-29.1401283333,170.9,13.2,"2020-11-20 01:44:08","2020TankerNov65"
"10359960823",113.453655,-29.388575,165.1,13.5,"2020-11-20 02:51:49","2020TankerNov65"
"10359960823",113.520443333,-29.6412433333,167.4,12.2,"2020-11-20 04:03:08","2020TankerNov65"
"10359960823",113.577745,-29.9158733333,171.4,13.2,"2020-11-20 05:23:09","2020TankerNov65"
"10359960823",113.612085,-30.146265,169.2,13.8,"2020-11-20 06:24:49","2020TankerNov65"
"10359960823",113.677556667,-30.3868383333,163.9,13.3,"2020-11-20 07:30:48","2020TankerNov65"
"10359960823",113.759095,-30.6300516667,163.3,13.7,"2020-11-20 08:38:27","2020TankerNov65"
"10359960823",113.852938333,-30.92417,168.7,12.4,"2020-11-20 10:02:28","2020TankerNov65"
"10359960823",113.905338333,-31.2002116667,170.9,12.5,"2020-11-20 11:23:08","2020TankerNov65"
"10359960823",113.943871667,-31.44939,170.8,12.7,"2020-11-20 12:34:27","2020TankerNov65"
"10359960823",113.98678,-31.6867433333,169.2,12.5,"2020-11-20 13:43:28","2020TankerNov65"
"10359960823",114.035216667,-31.9302316667,166.7,12.7,"2020-11-20 14:54:47","2020TankerNov65"
"10359960823",114.098616667,-32.1401233333,160.7,11.9,"2020-11-20 15:59:09","2020TankerNov65"
"10359960823",114.179536667,-32.3601633333,160.1,11.8,"2020-11-20 17:09:09","2020TankerNov65"
"10359960823",114.262158333,-32.5839783333,168.9,12,"2020-11-20 18:21:29","2020TankerNov65"
"10359960823",114.30259,-32.84316,173.8,12.7,"2020-11-20 19:37:48","2020TankerNov65"
"10359960823",114.32115,-33.068345,180.5,13.5,"2020-11-20 20:39:47","2020TankerNov65"
"10359960823",114.330873333,-33.2855483333,178.9,13.1,"2020-11-20 21:39:47","2020TankerNov65"
"10359960823",114.339165,-33.4983083333,180.6,12.5,"2020-11-20 22:39:47","2020TankerNov65"
"10359960823",114.352313333,-33.70583,176.4,12.1,"2020-11-20 23:39:47","2020TankerNov65"
"10359960823",114.3565,-33.910095,180.8,12.3,"2020-11-21 00:39:47","2020TankerNov65"
"10359960823",114.377881667,-34.1370483333,169.1,13,"2020-11-21 01:44:47","2020TankerNov65"
"10359960823",114.42451,-34.3499433333,168.9,13.2,"2020-11-21 02:44:47","2020TankerNov65"
"10359960823",114.584928333,-34.51267,125.2,13.6,"2020-11-21 03:44:57","2020TankerNov65"
"10359960823",114.804091667,-34.6396816667,126.1,13.1,"2020-11-21 04:44:59","2020TankerNov65"
"10359960823",115.041413333,-34.769295,127.1,13,"2020-11-21 05:49:58","2020TankerNov65"
"10359960823",115.262611667,-34.8769616667,112.2,12.4,"2020-11-21 06:49:58","2020TankerNov65"
"10359960823",115.505843333,-34.9748883333,123.1,12.3,"2020-11-21 07:54:57","2020TankerNov65"
"10359960823",115.649218333,-35.1385633333,174.7,12,"2020-11-21 08:59:58","2020TankerNov65"
"10359960823",115.692438333,-35.3551616667,166.7,12.3,"2020-11-21 10:04:55","2020TankerNov65"
"END",NA,NA,NA,NA,NA,"NA"
"10996851427",115.935825,-18.528565,219,18,"2020-11-22 08:24:56","2020TankerNov66"
"10996851427",115.732345,-18.7636733333,218,18,"2020-11-22 09:24:56","2020TankerNov66"
"10996851427",115.531735,-19.0052433333,221,18,"2020-11-22 10:24:56","2020TankerNov66"
"10996851427",115.32363,-19.2437166667,219,18,"2020-11-22 11:24:56","2020TankerNov66"
"10996851427",115.10664,-19.5039616667,218,18,"2020-11-22 12:29:55","2020TankerNov66"
"10996851427",114.982,-19.7658066667,196,13,"2020-11-22 13:34:57","2020TankerNov66"
"10996851427",114.87141,-19.95376,248,13,"2020-11-22 14:35:00","2020TankerNov66"
"10996851427",114.703001667,-20.1238283333,198,13,"2020-11-22 15:39:58","2020TankerNov66"
"10996851427",114.776473333,-20.3340883333,190,14,"2020-11-22 16:39:59","2020TankerNov66"
"10996851427",114.59434,-20.5063633333,190,13,"2020-11-22 17:44:51","2020TankerNov66"
"10996851427",114.68006,-20.713475,157,13,"2020-11-22 18:44:51","2020TankerNov66"
"10996851427",114.770968333,-20.9221333333,159,13,"2020-11-22 19:44:51","2020TankerNov66"
"10996851427",114.938125,-21.063875,112,13,"2020-11-22 20:44:51","2020TankerNov66"
"10996851427",115.156488333,-21.1538883333,126,12,"2020-11-22 21:44:51","2020TankerNov66"
"10996851427",115.262905,-21.31176,217,12,"2020-11-22 22:44:53","2020TankerNov66"
"10996851427",115.127925,-21.4279033333,229,8,"2020-11-22 23:49:52","2020TankerNov66"
"10996851427",115.040923333,-21.5499266667,194,7,"2020-11-23 00:54:51","2020TankerNov66"
"END",NA,NA,NA,NA,NA,"NA"
"10996851427",115.024163333,-21.6149066667,13,7,"2020-11-23 23:49:59","2020TankerNov67"
"10996851427",115.061363333,-21.4816083333,42,9,"2020-11-24 00:49:59","2020TankerNov67"
"10996851427",115.221621667,-21.3534533333,51,12,"2020-11-24 01:49:59","2020TankerNov67"
"10996851427",115.19969,-21.1697983333,312,13,"2020-11-24 02:49:59","2020TankerNov67"
"10996851427",114.919243333,-21.0601733333,292,17,"2020-11-24 03:54:56","2020TankerNov67"
"10996851427",114.712318333,-20.8242283333,337,18,"2020-11-24 04:59:55","2020TankerNov67"
"10996851427",114.57089,-20.5214583333,337,18,"2020-11-24 06:04:55","2020TankerNov67"
"10996851427",114.481305,-20.231925,34,17,"2020-11-24 07:04:55","2020TankerNov67"
"10996851427",114.67991,-19.9974033333,39,17,"2020-11-24 08:04:56","2020TankerNov67"
"10996851427",114.893738333,-19.746475,39,17,"2020-11-24 09:09:55","2020TankerNov67"
"10996851427",115.094065,-19.5172616667,37,17,"2020-11-24 10:09:56","2020TankerNov67"
"10996851427",115.287565,-19.287155,39,17,"2020-11-24 11:09:56","2020TankerNov67"
"10996851427",115.497398333,-19.0443783333,39,17,"2020-11-24 12:14:55","2020TankerNov67"
"10996851427",115.688571667,-18.8173883333,37,17,"2020-11-24 13:14:55","2020TankerNov67"
"END",NA,NA,NA,NA,NA,"NA"
"11333298995",115.92832,-20.1749233333,274,14,"2020-11-22 17:39:56","2020TankerNov68"
"11333298995",115.682541667,-20.15192,274.9,13.8,"2020-11-22 18:39:58","2020TankerNov68"
"11333298995",115.443186667,-20.12526,279.2,13.8,"2020-11-22 19:39:58","2020TankerNov68"
"11333298995",115.206541667,-20.1597666667,251.6,13.8,"2020-11-22 20:39:59","2020TankerNov68"
"11333298995",114.954795,-20.2520483333,249.8,14,"2020-11-22 21:44:58","2020TankerNov68"
"11333298995",114.713906667,-20.35671,228,13.8,"2020-11-22 22:49:56","2020TankerNov68"
"11333298995",114.51573,-20.5182083333,228,13.8,"2020-11-22 23:54:10","2020TankerNov68"
"11333298995",114.331471667,-20.677365,228.1,14.2,"2020-11-23 00:54:56","2020TankerNov68"
"11333298995",114.149278333,-20.8344083333,227.9,13.7,"2020-11-23 01:54:59","2020TankerNov68"
"11333298995",113.950755,-21.001765,227.8,13.5,"2020-11-23 02:59:58","2020TankerNov68"
"11333298995",113.750178333,-21.1673816667,227.5,14,"2020-11-23 04:04:55","2020TankerNov68"
"11333298995",113.557568333,-21.338405,224.8,13.7,"2020-11-23 05:09:54","2020TankerNov68"
"11333298995",113.444723333,-21.535805,192.8,14.3,"2020-11-23 06:09:55","2020TankerNov68"
"11333298995",113.392401667,-21.7687,189.6,14.3,"2020-11-23 07:09:56","2020TankerNov68"
"11333298995",113.347535,-22.0199233333,188.6,13.6,"2020-11-23 08:14:52","2020TankerNov68"
"11333298995",113.300258333,-22.2463666667,192,13.9,"2020-11-23 09:14:59","2020TankerNov68"
"11333298995",113.251208333,-22.4988716667,189.7,14.1,"2020-11-23 10:19:59","2020TankerNov68"
"11333298995",113.205905,-22.7498133333,191.8,14.4,"2020-11-23 11:24:55","2020TankerNov68"
"11333298995",113.15439,-22.9806,190.6,13.5,"2020-11-23 12:24:57","2020TankerNov68"
"11333298995",113.107341667,-23.2081716667,191.7,14.1,"2020-11-23 13:24:59","2020TankerNov68"
"11333298995",113.052298333,-23.4585233333,191.6,14.1,"2020-11-23 14:29:51","2020TankerNov68"
"11333298995",113.002075,-23.7130083333,188.8,14.4,"2020-11-23 15:34:57","2020TankerNov68"
"11333298995",112.947278333,-23.9667983333,190.8,14.5,"2020-11-23 16:38:46","2020TankerNov68"
"11333298995",112.893373333,-24.21146,191.6,14.7,"2020-11-23 17:39:45","2020TankerNov68"
"11333298995",112.845231667,-24.45127,191.6,14.3,"2020-11-23 18:39:58","2020TankerNov68"
"11333298995",112.792425,-24.6780466667,190.9,13.8,"2020-11-23 19:39:58","2020TankerNov68"
"11333298995",112.741221667,-24.9247816667,188.5,14,"2020-11-23 20:44:37","2020TankerNov68"
"11333298995",112.699095,-25.15647,189.9,14,"2020-11-23 21:44:50","2020TankerNov68"
"11333298995",112.650195,-25.3858283333,191.5,13.3,"2020-11-23 22:44:59","2020TankerNov68"
"11333298995",112.648706667,-25.608095,170,13.9,"2020-11-23 23:44:59","2020TankerNov68"
"11333298995",112.696733333,-25.8558683333,169.3,14,"2020-11-24 00:50:00","2020TankerNov68"
"11333298995",112.748026667,-26.1028866667,168.2,13.8,"2020-11-24 01:54:54","2020TankerNov68"
"11333298995",112.793433333,-26.3291366667,170.5,13.8,"2020-11-24 02:54:54","2020TankerNov68"
"11333298995",112.841421667,-26.5566383333,170.8,14,"2020-11-24 03:54:59","2020TankerNov68"
"11333298995",112.888163333,-26.80729,170.2,13.7,"2020-11-24 04:59:57","2020TankerNov68"
"11333298995",112.935226667,-27.0503833333,166.7,13.5,"2020-11-24 06:04:55","2020TankerNov68"
"11333298995",112.993876667,-27.28576,167.7,13,"2020-11-24 07:09:55","2020TankerNov68"
"11333298995",113.041401667,-27.5230133333,172.2,13.4,"2020-11-24 08:14:55","2020TankerNov68"
"11333298995",113.08287,-27.741085,170.5,12.9,"2020-11-24 09:14:55","2020TankerNov68"
"11333298995",113.127851667,-27.95539,169.3,13.2,"2020-11-24 10:14:55","2020TankerNov68"
"11333298995",113.17784,-28.1851116667,167.2,12.5,"2020-11-24 11:19:55","2020TankerNov68"
"11333298995",113.226076667,-28.408705,159.1,12.3,"2020-11-24 12:24:55","2020TankerNov68"
"11333298995",113.338428333,-28.6093966667,152.9,12.8,"2020-11-24 13:29:36","2020TankerNov68"
"11333298995",113.455753333,-28.8193766667,152.3,13.7,"2020-11-24 14:34:15","2020TankerNov68"
"11333298995",113.57248,-29.0245633333,147.9,13.4,"2020-11-24 15:34:34","2020TankerNov68"
"11333298995",113.717956667,-29.24332,150.6,13.2,"2020-11-24 16:41:23","2020TankerNov68"
"11333298995",113.902923333,-29.51518,148,12.8,"2020-11-24 18:08:36","2020TankerNov68"
"11333298995",114.028251667,-29.70378,146.7,12.1,"2020-11-24 19:10:43","2020TankerNov68"
"11333298995",114.177038333,-29.9204083333,144.9,12.2,"2020-11-24 20:25:31","2020TankerNov68"
"11333298995",114.312538333,-30.0956183333,149,11.7,"2020-11-24 21:29:03","2020TankerNov68"
"11333298995",114.435323333,-30.2673066667,149.7,11.9,"2020-11-24 22:29:54","2020TankerNov68"
"11333298995",114.572053333,-30.4602466667,149.5,12.65,"2020-11-24 23:34:43","2020TankerNov68"
"11333298995",114.711433333,-30.6625383333,149.3,13.4,"2020-11-25 00:38:44","2020TankerNov68"
"11333298995",114.851031667,-30.8583883333,150.1,13.4,"2020-11-25 01:39:55","2020TankerNov68"
"11333298995",114.990441667,-31.0571966667,148.8,12.6,"2020-11-25 02:44:59","2020TankerNov68"
"11333298995",115.129003333,-31.251215,149.4,12.4,"2020-11-25 03:49:52","2020TankerNov68"
"11333298995",115.2571,-31.4310216667,150.8,12.5,"2020-11-25 04:49:52","2020TankerNov68"
"11333298995",115.382765,-31.6078916667,149.5,12.2,"2020-11-25 05:49:54","2020TankerNov68"
"11333298995",115.49184,-31.77149,224.8,2.5,"2020-11-25 06:54:57","2020TankerNov68"
"11333298995",115.59193,-31.9143283333,145.4,7.9,"2020-11-25 08:00:00","2020TankerNov68"
"11333298995",115.686058333,-32.055915,173.3,10.4,"2020-11-25 09:04:54","2020TankerNov68"
"END",NA,NA,NA,NA,NA,"NA"
"11333298995",115.707348333,-32.186625,314.5,0.1,"2020-11-27 09:49:26","2020TankerNov69"
"11333298995",115.707495,-32.1867,307.966666666667,0.1,"2020-11-27 10:49:26","2020TankerNov69"
"11333298995",115.707248333,-32.18659,301.433333333333,0.1,"2020-11-27 11:52:26","2020TankerNov69"
"11333298995",115.707181667,-32.18658,294.9,0.1,"2020-11-27 12:58:23","2020TankerNov69"
"11333298995",115.698821667,-32.1125616667,349.8,11.5,"2020-11-27 13:59:59","2020TankerNov69"
"11333298995",115.643358333,-31.9454266667,307.1,12.4,"2020-11-27 15:00:00","2020TankerNov69"
"11333298995",115.489541667,-31.7655433333,330.4,12.4,"2020-11-27 16:04:59","2020TankerNov69"
"11333298995",115.353365,-31.574445,327,12.4,"2020-11-27 17:09:59","2020TankerNov69"
"11333298995",115.217146667,-31.3836166667,328.3,12.3,"2020-11-27 18:14:59","2020TankerNov69"
"11333298995",115.081721667,-31.1953966667,329.5,12.2,"2020-11-27 19:19:58","2020TankerNov69"
"11333298995",114.95781,-31.0235583333,329.3,12,"2020-11-27 20:19:59","2020TankerNov69"
"11333298995",114.828428333,-30.8301433333,331.9,11.2,"2020-11-27 21:30:09","2020TankerNov69"
"11333298995",114.651478333,-30.5726683333,328.85,12.1,"2020-11-27 22:59:29","2020TankerNov69"
"11333298995",114.49437,-30.3541866667,325.8,13,"2020-11-28 00:09:49","2020TankerNov69"
"11333298995",114.362133333,-30.16639,328.3,12.4,"2020-11-28 01:11:19","2020TankerNov69"
"11333298995",114.229131667,-29.97618,329.7,12.6,"2020-11-28 02:16:19","2020TankerNov69"
"11333298995",114.100551667,-29.7988533333,325.8,11.6,"2020-11-28 03:17:59","2020TankerNov69"
"11333298995",114.0113508335,-29.6633833333,327.95,11.6,"2020-11-28 04:08:50","2020TankerNov69"
"11333298995",113.92215,-29.5279133333,330.1,11.6,"2020-11-28 04:57:50","2020TankerNov69"
"11333298995",113.75542,-29.2839166667,330,11.8,"2020-11-28 06:26:09","2020TankerNov69"
"11333298995",113.610471667,-29.070395,328.6,11.6,"2020-11-28 07:41:47","2020TankerNov69"
"11333298995",113.486383333,-28.8642583333,330.9,11.8,"2020-11-28 08:53:09","2020TankerNov69"
"11333298995",113.359733333,-28.6447866667,341.8,12.2,"2020-11-28 10:07:21","2020TankerNov69"
"11333298995",113.26,-28.4466666667,335,13,"2020-11-28 11:08:41","2020TankerNov69"
"11333298995",113.18405,-28.171125,345.4,12.8,"2020-11-28 12:27:27","2020TankerNov69"
"11333298995",113.13332,-27.9415283333,348,12.9,"2020-11-28 13:33:49","2020TankerNov69"
"11333298995",113.076786667,-27.6956683333,349.7,13,"2020-11-28 14:43:09","2020TankerNov69"
"11333298995",113.026413333,-27.4647333333,346.3,13.1,"2020-11-28 15:47:49","2020TankerNov69"
"11333298995",112.982766667,-27.1994316667,351.1,12.9,"2020-11-28 17:01:49","2020TankerNov69"
"11333298995",112.940423333,-26.9790366667,349.9,12.7,"2020-11-28 18:04:58","2020TankerNov69"
"11333298995",112.88856,-26.76011,350.4,12.3,"2020-11-28 19:09:38","2020TankerNov69"
"11333298995",112.840183333,-26.5595433333,352,12.2,"2020-11-28 20:09:38","2020TankerNov69"
"11333298995",112.796915,-26.3392883333,353.9,12.4,"2020-11-28 21:14:38","2020TankerNov69"
"11333298995",112.753535,-26.1339116667,347.6,12.5,"2020-11-28 22:14:48","2020TankerNov69"
"11333298995",112.708305,-25.9076166667,349,12.7,"2020-11-28 23:19:58","2020TankerNov69"
"11333298995",112.672263333,-25.6962333333,351.6,12.8,"2020-11-29 00:19:59","2020TankerNov69"
"11333298995",112.6337,-25.4673783333,9.2,13.3,"2020-11-29 01:23:57","2020TankerNov69"
"11333298995",112.676293333,-25.24807,9.4,12.8,"2020-11-29 02:24:58","2020TankerNov69"
"11333298995",112.725855,-25.0187866667,10.5,13.2,"2020-11-29 03:29:58","2020TankerNov69"
"11333298995",112.771236667,-24.80407,9.7,13,"2020-11-29 04:29:58","2020TankerNov69"
"11333298995",112.816053333,-24.5729233333,11.1,13.2,"2020-11-29 05:34:58","2020TankerNov69"
"11333298995",112.867283333,-24.3638933333,13.6,13,"2020-11-29 06:34:59","2020TankerNov69"
"11333298995",112.918698333,-24.1495066667,13.4,12.6,"2020-11-29 07:34:59","2020TankerNov69"
"11333298995",112.956718333,-23.92438,9.7,12.4,"2020-11-29 08:39:59","2020TankerNov69"
"11333298995",113.002221667,-23.70446,12.1,12.3,"2020-11-29 09:44:59","2020TankerNov69"
"11333298995",113.045456667,-23.4841683333,12.2,12.6,"2020-11-29 10:49:57","2020TankerNov69"
"11333298995",113.091751667,-23.2776633333,11.3,12.3,"2020-11-29 11:49:58","2020TankerNov69"
"11333298995",113.134055,-23.07338,13,12.3,"2020-11-29 12:49:59","2020TankerNov69"
"11333298995",113.174991667,-22.8681583333,7.3,12.4,"2020-11-29 13:49:59","2020TankerNov69"
"11333298995",113.202703333,-22.6593316667,10.1,12.6,"2020-11-29 14:50:00","2020TankerNov69"
"11333298995",113.272596667,-22.4393083333,7.3,12.2,"2020-11-29 15:54:59","2020TankerNov69"
"11333298995",113.291595,-22.2167416667,8.8,12.4,"2020-11-29 16:59:53","2020TankerNov69"
"11333298995",113.342356667,-22.0112066667,15.6,12.6,"2020-11-29 17:59:59","2020TankerNov69"
"11333298995",113.404015,-21.7892833333,9.5,12.8,"2020-11-29 19:04:59","2020TankerNov69"
"11333298995",113.438165,-21.5774416667,9.2,12.9,"2020-11-29 20:04:59","2020TankerNov69"
"11333298995",113.498215,-21.37334,40.4,12.6,"2020-11-29 21:04:59","2020TankerNov69"
"11333298995",113.639928333,-21.2077966667,39.4,13.2,"2020-11-29 22:05:00","2020TankerNov69"
"11333298995",113.791908333,-21.0356233333,39.8,13.7,"2020-11-29 23:05:00","2020TankerNov69"
"11333298995",113.956738333,-20.8409316667,39.1,13.1,"2020-11-30 00:09:57","2020TankerNov69"
"11333298995",114.103908333,-20.6753633333,41.8,12.5,"2020-11-30 01:09:58","2020TankerNov69"
"11333298995",114.29701,-20.5497866667,61.2,12.3,"2020-11-30 02:14:57","2020TankerNov69"
"11333298995",114.487736667,-20.4551983333,63.8,12,"2020-11-30 03:14:57","2020TankerNov69"
"11333298995",114.689985,-20.3552833333,62.1,12.3,"2020-11-30 04:19:47","2020TankerNov69"
"11333298995",114.894578333,-20.2670016667,69.4,13.1,"2020-11-30 05:19:55","2020TankerNov69"
"11333298995",115.10926,-20.1897866667,68.9,12.9,"2020-11-30 06:19:58","2020TankerNov69"
"11333298995",115.346273333,-20.10973,91.1,13.1,"2020-11-30 07:24:56","2020TankerNov69"
"11333298995",115.580281667,-20.1312466667,95.1,13.4,"2020-11-30 08:24:57","2020TankerNov69"
"END",NA,NA,NA,NA,NA,"NA"
"11416622114",115.86564,-20.1582116667,270,11.2,"2020-11-01 07:07:25","2020TankerNov70"
"11416622114",115.633973333,-20.1582483333,270,11.2,"2020-11-01 08:14:56","2020TankerNov70"
"11416622114",115.421333333,-20.1582133333,270,11.2,"2020-11-01 09:19:25","2020TankerNov70"
"11416622114",115.178053333,-20.178675,261.1,10.8,"2020-11-01 10:35:55","2020TankerNov70"
"11416622114",114.914773333,-20.2266666667,253.2,10.3,"2020-11-01 12:00:27","2020TankerNov70"
"11416622114",114.703146667,-20.282735,234.6,10.5,"2020-11-01 13:10:57","2020TankerNov70"
"11416622114",114.570773333,-20.4190633333,220.4,11,"2020-11-01 14:11:17","2020TankerNov70"
"11416622114",114.411213333,-20.5920416667,220.8,11.4,"2020-11-01 15:24:38","2020TankerNov70"
"11416622114",114.211706667,-20.804635,221.3,11.9,"2020-11-01 16:52:25","2020TankerNov70"
"11416622114",114.063666667,-20.96724,221,11.7,"2020-11-01 17:57:56","2020TankerNov70"
"11416622114",113.864773333,-21.18374,221.5,12,"2020-11-01 19:24:38","2020TankerNov70"
"11416622114",113.728466667,-21.3263016667,220.75,11.15,"2020-11-01 20:24:57","2020TankerNov70"
"11416622114",113.5908,-21.4706383333,220,10.3,"2020-11-01 21:29:58","2020TankerNov70"
"11416622114",113.460533333,-21.6191366667,220.6,10.9,"2020-11-01 22:34:56","2020TankerNov70"
"11416622114",113.386066667,-21.8035,189.3,11.4,"2020-11-01 23:39:27","2020TankerNov70"
"11416622114",113.33808,-22.054105,189.2,11.5,"2020-11-02 01:01:06","2020TankerNov70"
"11416622114",113.302213333,-22.2444416667,187.8,10.1,"2020-11-02 02:04:46","2020TankerNov70"
"11416622114",113.268706667,-22.414775,192.1,10.9,"2020-11-02 03:04:57","2020TankerNov70"
"11416622114",113.23604,-22.5944583333,194.066666666667,10.2,"2020-11-02 04:09:36","2020TankerNov70"
"11416622114",113.203493333,-22.753255,196.033333333333,9.5,"2020-11-02 05:09:56","2020TankerNov70"
"11416622114",113.152386667,-22.912585,198,8.8,"2020-11-02 06:12:07","2020TankerNov70"
"11416622114",113.102186667,-23.089705,195.1,9.2,"2020-11-02 07:24:07","2020TankerNov70"
"11416622114",113.04844,-23.2756666667,192.9,9.6,"2020-11-02 08:39:47","2020TankerNov70"
"11416622114",112.995693333,-23.4666666667,195.6,10.3,"2020-11-02 09:53:17","2020TankerNov70"
"11416622114",112.948293333,-23.6257166667,193.5,8.4,"2020-11-02 10:53:45","2020TankerNov70"
"11416622114",112.88512,-23.8148033333,197.6,9.7,"2020-11-02 12:08:17","2020TankerNov70"
"11416622114",112.839613333,-24.0053916667,193.4,9.7,"2020-11-02 13:22:06","2020TankerNov70"
"11416622114",112.792946667,-24.17214,195.5,9.5,"2020-11-02 14:26:38","2020TankerNov70"
"11416622114",112.741546667,-24.349915,190.7,9.4,"2020-11-02 15:35:18","2020TankerNov70"
"11416622114",112.686386667,-24.5370733333,193.6,9.5,"2020-11-02 16:47:46","2020TankerNov70"
"11416622114",112.625906667,-24.746485,197.1,9.4,"2020-11-02 18:07:46","2020TankerNov70"
"11416622114",112.575426667,-24.926635,194.3,9.5,"2020-11-02 19:15:37","2020TankerNov70"
"11416622114",112.519813333,-25.119425,196.4,9.9,"2020-11-02 20:27:56","2020TankerNov70"
"11416622114",112.465053333,-25.29355,195.1,10.1,"2020-11-02 21:32:37","2020TankerNov70"
"11416622114",112.407906667,-25.4881716667,194.8,10.7,"2020-11-02 22:42:27","2020TankerNov70"
"11416622114",112.35768,-25.6857916667,195,10.5,"2020-11-02 23:52:48","2020TankerNov70"
"11416622114",112.30324,-25.8686283333,191.9,10.5,"2020-11-03 00:58:07","2020TankerNov70"
"11416622114",112.2368,-26.10601,197.3,10.3,"2020-11-03 02:20:28","2020TankerNov70"
"11416622114",112.177853333,-26.2982833333,193.8,10.4,"2020-11-03 03:29:38","2020TankerNov70"
"11416622114",112.124586667,-26.4829016667,196.1,10.2,"2020-11-03 04:36:38","2020TankerNov70"
"11416622114",112.071186667,-26.6951583333,170.3,10,"2020-11-03 05:52:07","2020TankerNov70"
"11416622114",112.162333333,-26.8695966667,155.2,11,"2020-11-03 06:55:47","2020TankerNov70"
"11416622114",112.282826667,-27.0938033333,153.1,10.7,"2020-11-03 08:19:28","2020TankerNov70"
"11416622114",112.37652,-27.27791,158.8,10.7,"2020-11-03 09:28:08","2020TankerNov70"
"11416622114",112.466533333,-27.45055,156.6,10.9,"2020-11-03 10:33:15","2020TankerNov70"
"11416622114",112.570826667,-27.66152,158.2,10.5,"2020-11-03 11:51:28","2020TankerNov70"
"11416622114",112.68944,-27.8872633333,153.9,10,"2020-11-03 13:17:27","2020TankerNov70"
"11416622114",112.7563866665,-28.01271666665,155.55,9.9,"2020-11-03 14:07:28","2020TankerNov70"
"11416622114",112.823333333,-28.13817,157.2,9.8,"2020-11-03 14:57:28","2020TankerNov70"
"11416622114",112.891853333,-28.264725,156.25,9.75,"2020-11-03 15:49:38","2020TankerNov70"
"11416622114",112.960373333,-28.39128,155.3,9.7,"2020-11-03 16:41:38","2020TankerNov70"
"11416622114",113.044293333,-28.5467366667,156.1,9.7,"2020-11-03 17:44:26","2020TankerNov70"
"11416622114",113.1322,-28.7183033333,156.9,9.7,"2020-11-03 18:53:28","2020TankerNov70"
"11416622114",113.232866667,-28.89762,153.7,9.7,"2020-11-03 20:05:48","2020TankerNov70"
"11416622114",113.331133333,-29.0621533333,150.9,9.9,"2020-11-03 21:12:56","2020TankerNov70"
"11416622114",113.428973333,-29.2238333333,152,9.7,"2020-11-03 22:21:17","2020TankerNov70"
"11416622114",113.535346667,-29.39604,153.3,10.2,"2020-11-03 23:31:47","2020TankerNov70"
"11416622114",113.645306667,-29.5620533333,152.9,10.7,"2020-11-04 00:38:38","2020TankerNov70"
"11416622114",113.780066667,-29.7793133333,150.8,10.5,"2020-11-04 02:00:27","2020TankerNov70"
"11416622114",113.86656,-29.9181133333,151.3,10.65,"2020-11-04 02:54:38","2020TankerNov70"
"11416622114",113.953053333,-30.0569133333,151.8,10.8,"2020-11-04 03:47:38","2020TankerNov70"
"11416622114",114.0572,-30.22544,152.7,10.7,"2020-11-04 04:51:18","2020TankerNov70"
"11416622114",114.172573333,-30.4124966667,153.3,10.4,"2020-11-04 06:02:47","2020TankerNov70"
"11416622114",114.311253333,-30.6317433333,153.4,10.8,"2020-11-04 07:26:47","2020TankerNov70"
"11416622114",114.429306667,-30.8229833333,151.3,10.8,"2020-11-04 08:38:46","2020TankerNov70"
"11416622114",114.54176,-30.9928833333,149.9,10.6,"2020-11-04 09:44:16","2020TankerNov70"
"11416622114",114.661946667,-31.1787266667,152.2,10.5,"2020-11-04 10:57:46","2020TankerNov70"
"11416622114",114.763373333,-31.3409166667,150.3,10.9,"2020-11-04 11:59:17","2020TankerNov70"
"11416622114",114.900346667,-31.56257,137.3,10.8666666666667,"2020-11-04 13:19:56","2020TankerNov70"
"11416622114",115.017533333,-31.7458833333,124.3,10.8333333333333,"2020-11-04 14:24:56","2020TankerNov70"
"11416622114",115.24316,-31.8174766667,111.3,10.8,"2020-11-04 15:29:46","2020TankerNov70"
"11416622114",115.440333333,-31.8754866667,115.75,9.85,"2020-11-04 16:29:58","2020TankerNov70"
"11416622114",115.651346667,-31.9458266667,120.2,8.9,"2020-11-04 17:34:57","2020TankerNov70"
"END",NA,NA,NA,NA,NA,"NA"
"11416622114",115.753613333,-32.2319666667,194.2,1.2,"2020-11-09 13:29:59","2020TankerNov71"
"11416622114",115.688706667,-32.0670033333,349.3,11.6,"2020-11-09 14:34:58","2020TankerNov71"
"11416622114",115.614333333,-31.9246833333,299.1,9.6,"2020-11-09 15:39:58","2020TankerNov71"
"11416622114",115.4454,-31.92635,267.5,7.6,"2020-11-09 16:44:58","2020TankerNov71"
"11416622114",115.31872,-32.0135566667,210.4,8.5,"2020-11-09 17:49:48","2020TankerNov71"
"11416622114",115.218093333,-32.1533233333,213.9,7.5,"2020-11-09 19:00:28","2020TankerNov71"
"11416622114",115.13504,-32.2660633333,216.8,6.9,"2020-11-09 20:07:07","2020TankerNov71"
"11416622114",115.055706667,-32.3797433333,210.4,6.6,"2020-11-09 21:15:58","2020TankerNov71"
"11416622114",114.98328,-32.49088,210,6.1,"2020-11-09 22:21:58","2020TankerNov71"
"11416622114",114.89324,-32.6141,205.1,5,"2020-11-09 23:38:39","2020TankerNov71"
"11416622114",114.831346667,-32.6984533333,202.7,6.6,"2020-11-10 00:39:38","2020TankerNov71"
"11416622114",114.748546667,-32.81811,207.1,6.7,"2020-11-10 01:57:36","2020TankerNov71"
"11416622114",114.67264,-32.92425,210,6.7,"2020-11-10 03:04:48","2020TankerNov71"
"11416622114",114.61708,-33.01988,200.733333333333,6.73333333333333,"2020-11-10 04:04:56","2020TankerNov71"
"11416622114",114.611186667,-33.13599,191.466666666667,6.76666666666667,"2020-11-10 05:04:56","2020TankerNov71"
"11416622114",114.608853333,-33.25528,182.2,6.8,"2020-11-10 06:04:57","2020TankerNov71"
"11416622114",114.607693333,-33.3798633333,183.733333333333,6.86666666666667,"2020-11-10 07:09:57","2020TankerNov71"
"11416622114",114.60064,-33.50046,185.266666666667,6.93333333333333,"2020-11-10 08:09:57","2020TankerNov71"
"11416622114",114.588506667,-33.6185233333,186.8,7,"2020-11-10 09:09:57","2020TankerNov71"
"11416622114",114.57476,-33.7443633333,185,7.2,"2020-11-10 10:14:58","2020TankerNov71"
"11416622114",114.575466667,-33.8742666667,182.475,5.85,"2020-11-10 11:19:57","2020TankerNov71"
"11416622114",114.57248,-33.999,179.95,4.5,"2020-11-10 12:21:36","2020TankerNov71"
"11416622114",114.610706667,-34.09578,177.425,3.15,"2020-11-10 13:24:57","2020TankerNov71"
"11416622114",114.61024,-34.1387533333,174.9,1.8,"2020-11-10 14:29:56","2020TankerNov71"
"11416622114",114.598653333,-34.1504833333,163,4,"2020-11-10 15:29:57","2020TankerNov71"
"11416622114",114.682773333,-34.3068633333,151.1,6.2,"2020-11-10 16:34:58","2020TankerNov71"
"11416622114",114.74272,-34.4768966667,139.2,8.4,"2020-11-10 17:39:56","2020TankerNov71"
"11416622114",114.887826667,-34.5936733333,127.3,10.6,"2020-11-10 18:39:57","2020TankerNov71"
"11416622114",115.068493333,-34.69952,126.4,10.5,"2020-11-10 19:39:58","2020TankerNov71"
"11416622114",115.266226667,-34.81713,125.8,11.1,"2020-11-10 20:44:58","2020TankerNov71"
"11416622114",115.459933333,-34.9318533333,128.1,10.8,"2020-11-10 21:49:58","2020TankerNov71"
"11416622114",115.661,-35.0479,127.8,11.5,"2020-11-10 22:54:57","2020TankerNov71"
"END",NA,NA,NA,NA,NA,"NA"
"11416622114",115.881413333,-35.1060466667,301.1,15.3,"2020-11-20 13:09:53","2020TankerNov72"
"11416622114",115.620546667,-34.9594433333,304.9,15.4,"2020-11-20 14:09:58","2020TankerNov72"
"11416622114",115.366306667,-34.8110866667,304.7,15.2,"2020-11-20 15:09:59","2020TankerNov72"
"11416622114",115.115413333,-34.6652966667,305.4,15,"2020-11-20 16:09:59","2020TankerNov72"
"11416622114",114.847373333,-34.5093433333,303.8,15,"2020-11-20 17:14:58","2020TankerNov72"
"11416622114",114.73432,-34.28369,343.7,15.2,"2020-11-20 18:14:59","2020TankerNov72"
"11416622114",114.678933333,-34.0032333333,355.7,16.3,"2020-11-20 19:19:58","2020TankerNov72"
"11416622114",114.665093333,-33.7393266667,358,15.7,"2020-11-20 20:19:58","2020TankerNov72"
"11416622114",114.64464,-33.4720866667,355.5,16.1,"2020-11-20 21:19:58","2020TankerNov72"
"11416622114",114.6298,-33.20151,357.9,16.3,"2020-11-20 22:19:59","2020TankerNov72"
"11416622114",114.66568,-32.9256766667,32.2,15.6,"2020-11-20 23:24:53","2020TankerNov72"
"11416622114",114.829266667,-32.7032066667,30.6,15.2,"2020-11-21 00:26:05","2020TankerNov72"
"11416622114",114.998973333,-32.4629566667,30.1,14,"2020-11-21 01:35:00","2020TankerNov72"
"11416622114",115.15624,-32.239,30.5,14.3,"2020-11-21 02:40:18","2020TankerNov72"
"11416622114",115.342906667,-31.9720833333,30.9,15.6,"2020-11-21 03:54:55","2020TankerNov72"
"11416622114",115.627266667,-31.9237433333,77.8,7.9,"2020-11-21 04:59:59","2020TankerNov72"
"11416622114",115.705066667,-32.0269133333,214.4,6.6,"2020-11-21 06:04:51","2020TankerNov72"
"END",NA,NA,NA,NA,NA,"NA"
"11416622114",115.7044,-32.1877733333,264.2,0.6,"2020-11-23 14:34:55","2020TankerNov73"
"11416622114",115.696306667,-32.0174166667,9.3,11.3,"2020-11-23 15:39:54","2020TankerNov73"
"11416622114",115.52144,-31.92612,271.5,13.3,"2020-11-23 16:39:54","2020TankerNov73"
"11416622114",115.308186667,-32.0228633333,210,13.3,"2020-11-23 17:44:44","2020TankerNov73"
"11416622114",115.170293333,-32.2183866667,209.9,13.8,"2020-11-23 18:44:54","2020TankerNov73"
"11416622114",115.032613333,-32.4146333333,211.2,13.6,"2020-11-23 19:44:54","2020TankerNov73"
"11416622114",114.883973333,-32.62503,211.1,13.7,"2020-11-23 20:49:54","2020TankerNov73"
"11416622114",114.74892,-32.8140466667,209.1,12.8,"2020-11-23 21:49:55","2020TankerNov73"
"11416622114",114.61616,-33.0115233333,183,12.8,"2020-11-23 22:54:54","2020TankerNov73"
"11416622114",114.607773333,-33.2263966667,182.7,12.7,"2020-11-23 23:54:54","2020TankerNov73"
"11416622114",114.597173333,-33.4393833333,181.3,13,"2020-11-24 00:54:55","2020TankerNov73"
"11416622114",114.584413333,-33.6766366667,182.5,12.6,"2020-11-24 01:59:54","2020TankerNov73"
"11416622114",114.57436,-33.8999966667,180.6,12.1,"2020-11-24 03:04:53","2020TankerNov73"
"11416622114",114.618386667,-34.1065033333,163.1,13.1,"2020-11-24 04:04:53","2020TankerNov73"
"11416622114",114.671733333,-34.33914,168.5,13.1,"2020-11-24 05:09:34","2020TankerNov73"
"11416622114",114.755986667,-34.5446666667,122.9,13.6,"2020-11-24 06:09:53","2020TankerNov73"
"11416622114",114.997173333,-34.6613566667,122,13.6,"2020-11-24 07:09:54","2020TankerNov73"
"11416622114",115.23748,-34.7980966667,124.4,13.1,"2020-11-24 08:14:54","2020TankerNov73"
"11416622114",115.47184,-34.9376266667,124.9,13.5,"2020-11-24 09:19:53","2020TankerNov73"
"11416622114",115.687786667,-35.0625933333,121.9,12.6,"2020-11-24 10:19:53","2020TankerNov73"
"END",NA,NA,NA,NA,NA,"NA"
"11773756732",115.860551667,-18.6122333333,219.3,17.1,"2020-11-04 12:44:56","2020TankerNov74"
"11773756732",115.670455,-18.8341183333,219.5,16.8,"2020-11-04 13:44:56","2020TankerNov74"
"11773756732",115.483543333,-19.0519533333,219.5,16.8,"2020-11-04 14:44:56","2020TankerNov74"
"11773756732",115.29543,-19.2657466667,220.7,16.5,"2020-11-04 15:44:56","2020TankerNov74"
"11773756732",115.090823333,-19.4678733333,215,17.1,"2020-11-04 16:44:56","2020TankerNov74"
"11773756732",114.922798333,-19.70144,215.9,16.5,"2020-11-04 17:44:56","2020TankerNov74"
"11773756732",114.72114,-19.93627,220.6,16.9,"2020-11-04 18:49:55","2020TankerNov74"
"11773756732",114.540661667,-20.1600133333,209.9,16.5,"2020-11-04 19:49:55","2020TankerNov74"
"11773756732",114.510905,-20.4331433333,177.6,16.8,"2020-11-04 20:49:56","2020TankerNov74"
"11773756732",114.556796667,-20.7326233333,170.5,16.8,"2020-11-04 21:54:56","2020TankerNov74"
"11773756732",114.611485,-21.0279583333,170.1,15.7,"2020-11-04 22:59:56","2020TankerNov74"
"11773756732",114.900926667,-21.094115,103.2,16.2,"2020-11-05 00:04:56","2020TankerNov74"
"11773756732",115.129726667,-21.13796,122,11.2,"2020-11-05 01:09:54","2020TankerNov74"
"11773756732",115.255658333,-21.2537433333,185,7.8,"2020-11-05 02:09:54","2020TankerNov74"
"11773756732",115.192898333,-21.3727883333,224.8,7.4,"2020-11-05 03:14:54","2020TankerNov74"
"11773756732",115.07989,-21.468125,226.9,9.5,"2020-11-05 04:19:53","2020TankerNov74"
"END",NA,NA,NA,NA,NA,"NA"
"11773756732",115.02089,-21.6265633333,13.5,8.3,"2020-11-06 04:09:54","2020TankerNov75"
"11773756732",115.057151667,-21.4888833333,12.5,11.5,"2020-11-06 05:09:54","2020TankerNov75"
"11773756732",115.235651667,-21.32915,33,13,"2020-11-06 06:14:53","2020TankerNov75"
"11773756732",115.131376667,-21.1390783333,304,17.7,"2020-11-06 07:14:59","2020TankerNov75"
"11773756732",114.820483333,-21.0445183333,288.9,18.4,"2020-11-06 08:15:00","2020TankerNov75"
"11773756732",114.570978333,-20.8538366667,340.6,19.6,"2020-11-06 09:15:00","2020TankerNov75"
"11773756732",114.47759,-20.5414183333,345.4,19.5,"2020-11-06 10:15:00","2020TankerNov75"
"11773756732",114.509395,-20.209095,36.3,19.9,"2020-11-06 11:20:00","2020TankerNov75"
"11773756732",114.724425,-19.947925,38.8,19.1,"2020-11-06 12:20:00","2020TankerNov75"
"11773756732",114.951203333,-19.6828316667,39.3,18.9,"2020-11-06 13:25:00","2020TankerNov75"
"11773756732",115.179926667,-19.4150733333,39,18.8,"2020-11-06 14:29:58","2020TankerNov75"
"11773756732",115.390953333,-19.1677433333,38.9,19.1,"2020-11-06 15:29:58","2020TankerNov75"
"11773756732",115.602801667,-18.919115,39.2,18.8,"2020-11-06 16:29:58","2020TankerNov75"
"END",NA,NA,NA,NA,NA,"NA"
"12745087549",107.940698333,-15.0057016667,162.5,9.8,"2020-11-19 19:44:55","2020TankerNov76"
"12745087549",107.999443333,-15.1785516667,161.1,10.2,"2020-11-19 20:49:56","2020TankerNov76"
"12745087549",108.071676667,-15.3528716667,159,10.2,"2020-11-19 21:54:55","2020TankerNov76"
"12745087549",108.140438333,-15.5123383333,159.1,10.2,"2020-11-19 22:54:55","2020TankerNov76"
"12745087549",108.203031667,-15.6785133333,160,10.7,"2020-11-19 23:54:56","2020TankerNov76"
"12745087549",108.265691667,-15.860965,163.1,10.4,"2020-11-20 00:59:56","2020TankerNov76"
"12745087549",108.33079,-16.0388283333,158.6,10.3,"2020-11-20 02:04:54","2020TankerNov76"
"12745087549",108.392975,-16.1975616667,160.4,9.8,"2020-11-20 03:04:55","2020TankerNov76"
"12745087549",108.441495,-16.350465,167,10.1,"2020-11-20 04:04:55","2020TankerNov76"
"12745087549",108.493925,-16.51488,160.2,10.4,"2020-11-20 05:04:55","2020TankerNov76"
"12745087549",108.558918333,-16.6819466667,160.6,10.6,"2020-11-20 06:04:56","2020TankerNov76"
"12745087549",108.628668333,-16.8650983333,158.4,11,"2020-11-20 07:09:23","2020TankerNov76"
"12745087549",108.699625,-17.0381583333,159.3,11,"2020-11-20 08:09:54","2020TankerNov76"
"12745087549",108.776226667,-17.2213016667,157.7,11.1,"2020-11-20 09:14:55","2020TankerNov76"
"12745087549",108.841946667,-17.3934183333,160.2,11.1,"2020-11-20 10:14:55","2020TankerNov76"
"12745087549",108.91395,-17.594895,160,10.9,"2020-11-20 11:24:34","2020TankerNov76"
"12745087549",108.979218333,-17.770635,160.3,11.2,"2020-11-20 12:24:55","2020TankerNov76"
"12745087549",109.047375,-17.94455,159.1,11.1,"2020-11-20 13:24:55","2020TankerNov76"
"12745087549",109.11508,-18.1151116667,157.4,10.7,"2020-11-20 14:24:56","2020TankerNov76"
"12745087549",109.187011667,-18.2959666667,158.2,10.4,"2020-11-20 15:29:54","2020TankerNov76"
"12745087549",109.24907,-18.4619383333,161.1,10.5,"2020-11-20 16:29:54","2020TankerNov76"
"12745087549",109.31262,-18.62769,160.1,10.4,"2020-11-20 17:29:56","2020TankerNov76"
"12745087549",109.378006667,-18.80426,159.7,9.9,"2020-11-20 18:34:54","2020TankerNov76"
"12745087549",109.433571667,-18.9663033333,163.1,10,"2020-11-20 19:34:55","2020TankerNov76"
"12745087549",109.49417,-19.1241933333,158.3,9.9,"2020-11-20 20:34:55","2020TankerNov76"
"12745087549",109.559503333,-19.2791183333,157,9.8,"2020-11-20 21:34:55","2020TankerNov76"
"12745087549",109.620281667,-19.4314233333,156.9,9.3,"2020-11-20 22:34:55","2020TankerNov76"
"12745087549",109.690516667,-19.5796083333,145.7,8.9,"2020-11-20 23:40:00","2020TankerNov76"
"12745087549",109.782321667,-19.7047816667,135.4,8.2,"2020-11-21 00:44:53","2020TankerNov76"
"12745087549",109.859251667,-19.8018316667,220,0.6,"2020-11-21 01:49:55","2020TankerNov76"
"12745087549",109.85006,-19.8832383333,185.9,8.5,"2020-11-21 02:53:13","2020TankerNov76"
"12745087549",109.835328333,-20.0207483333,185,8.2,"2020-11-21 03:54:58","2020TankerNov76"
"12745087549",109.848275,-20.1634433333,157.3,8.1,"2020-11-21 04:59:55","2020TankerNov76"
"12745087549",109.910105,-20.2963516667,152.8,6.5,"2020-11-21 06:04:58","2020TankerNov76"
"12745087549",109.975758333,-20.4252433333,157.1,7.8,"2020-11-21 07:09:44","2020TankerNov76"
"12745087549",110.034483333,-20.54484,155.8,7.3,"2020-11-21 08:09:55","2020TankerNov76"
"12745087549",110.09385,-20.664615,160.9,7.6,"2020-11-21 09:09:55","2020TankerNov76"
"12745087549",110.132278333,-20.7917683333,161.1,7.9,"2020-11-21 10:09:57","2020TankerNov76"
"12745087549",110.176078333,-20.92686,162.1,7.5,"2020-11-21 11:14:55","2020TankerNov76"
"12745087549",110.21624,-21.0505066667,163.7,7.4,"2020-11-21 12:14:55","2020TankerNov76"
"12745087549",110.260655,-21.174695,147.7,7.4,"2020-11-21 13:14:58","2020TankerNov76"
"12745087549",110.35653,-21.2891483333,138.1,8.7,"2020-11-21 14:19:58","2020TankerNov76"
"12745087549",110.428581667,-21.3995666667,161.9,7.9,"2020-11-21 15:19:59","2020TankerNov76"
"12745087549",110.471643333,-21.5249283333,160.2,8.2,"2020-11-21 16:20:00","2020TankerNov76"
"12745087549",110.516326667,-21.6576233333,164.9,7.6,"2020-11-21 17:24:55","2020TankerNov76"
"12745087549",110.555976667,-21.7818416667,164.7,7.6,"2020-11-21 18:25:00","2020TankerNov76"
"12745087549",110.597196667,-21.9201983333,168.5,7.3,"2020-11-21 19:29:54","2020TankerNov76"
"12745087549",110.631686667,-22.0435016667,167.3,8.1,"2020-11-21 20:29:57","2020TankerNov76"
"12745087549",110.677938333,-22.18167,156.3,7.8,"2020-11-21 21:34:55","2020TankerNov76"
"12745087549",110.749671667,-22.310305,153,8.1,"2020-11-21 22:39:59","2020TankerNov76"
"12745087549",110.824478333,-22.4310733333,144.1,7.8,"2020-11-21 23:44:49","2020TankerNov76"
"12745087549",110.904226667,-22.5315383333,143.4,7.3,"2020-11-22 00:44:55","2020TankerNov76"
"12745087549",110.988543333,-22.6315666667,132.8,7.5,"2020-11-22 01:44:59","2020TankerNov76"
"12745087549",111.07492,-22.7300866667,141.3,7.3,"2020-11-22 02:44:59","2020TankerNov76"
"12745087549",111.159953333,-22.8306633333,161,7.5,"2020-11-22 03:45:00","2020TankerNov76"
"12745087549",111.210135,-22.9588183333,162.2,7,"2020-11-22 04:49:57","2020TankerNov76"
"12745087549",111.253863333,-23.093825,161.1,8,"2020-11-22 05:54:55","2020TankerNov76"
"12745087549",111.304816667,-23.2212616667,156.9,7.7,"2020-11-22 06:55:00","2020TankerNov76"
"12745087549",111.370093333,-23.36057,160.2,8.2,"2020-11-22 07:59:55","2020TankerNov76"
"12745087549",111.411471667,-23.4901,166.6,8.4,"2020-11-22 08:59:56","2020TankerNov76"
"12745087549",111.443561667,-23.63197,169.3,6.9,"2020-11-22 10:04:54","2020TankerNov76"
"12745087549",111.473761667,-23.7631583333,165.6,7.8,"2020-11-22 11:04:55","2020TankerNov76"
"12745087549",111.511116667,-23.8992183333,166.6,8.3,"2020-11-22 12:04:57","2020TankerNov76"
"12745087549",111.554178333,-24.0417816667,162.1,7.9,"2020-11-22 13:09:44","2020TankerNov76"
"12745087549",111.600938333,-24.1744466667,159.2,8.5,"2020-11-22 14:09:58","2020TankerNov76"
"12745087549",111.651068333,-24.3199333333,163.8,8.9,"2020-11-22 15:14:57","2020TankerNov76"
"12745087549",111.688093333,-24.4893333333,170.7,8.9,"2020-11-22 16:28:02","2020TankerNov76"
"12745087549",111.706755,-24.6363683333,172.9,8.5,"2020-11-22 17:29:20","2020TankerNov76"
"12745087549",111.730528333,-24.782525,166.4,8.3,"2020-11-22 18:29:44","2020TankerNov76"
"12745087549",111.777026667,-24.9211883333,161.6,8.7,"2020-11-22 19:29:57","2020TankerNov76"
"12745087549",111.84939,-25.0632483333,154.2,8.8,"2020-11-22 20:34:54","2020TankerNov76"
"12745087549",111.919431667,-25.20425,155.6,8.8,"2020-11-22 21:39:55","2020TankerNov76"
"12745087549",111.98936,-25.33716,156.6,8.3,"2020-11-22 22:39:55","2020TankerNov76"
"12745087549",112.065993333,-25.4848783333,165.9,8.6,"2020-11-22 23:44:57","2020TankerNov76"
"12745087549",112.09739,-25.636545,169.6,9.1,"2020-11-23 00:44:57","2020TankerNov76"
"12745087549",112.129526667,-25.7983183333,171.4,10.3,"2020-11-23 01:44:58","2020TankerNov76"
"12745087549",112.16865,-25.9788033333,158,10,"2020-11-23 02:49:51","2020TankerNov76"
"12745087549",112.246618333,-26.132565,153.5,9.1,"2020-11-23 03:49:58","2020TankerNov76"
"12745087549",112.339761667,-26.30235,155,10.4,"2020-11-23 04:56:47","2020TankerNov76"
"12745087549",112.445293333,-26.522335,162,10.1,"2020-11-23 06:19:55","2020TankerNov76"
"12745087549",112.509746667,-26.690135,163.3,10.5,"2020-11-23 07:19:55","2020TankerNov76"
"12745087549",112.574716667,-26.86083,159.2,10.9,"2020-11-23 08:19:55","2020TankerNov76"
"12745087549",112.644216667,-27.0347883333,160.6,11.1,"2020-11-23 09:19:55","2020TankerNov76"
"12745087549",112.713261667,-27.2090066667,156.9,10.8,"2020-11-23 10:19:57","2020TankerNov76"
"12745087549",112.783136667,-27.3808683333,159.6,10.8,"2020-11-23 11:19:57","2020TankerNov76"
"12745087549",112.846101667,-27.5621033333,166.5,10.2,"2020-11-23 12:24:55","2020TankerNov76"
"12745087549",112.89329,-27.7395783333,166.6,10,"2020-11-23 13:29:55","2020TankerNov76"
"12745087549",112.938328333,-27.900355,164.8,9.7,"2020-11-23 14:29:55","2020TankerNov76"
"12745087549",112.980673333,-28.070875,167.3,9.7,"2020-11-23 15:34:54","2020TankerNov76"
"12745087549",113.02784,-28.22952,166.5,9.7,"2020-11-23 16:34:54","2020TankerNov76"
"12745087549",113.091963333,-28.3995666667,157.8,10,"2020-11-23 17:39:34","2020TankerNov76"
"12745087549",113.179388333,-28.5510783333,151.1,10.4,"2020-11-23 18:39:58","2020TankerNov76"
"12745087549",113.289621667,-28.717185,145.6,11,"2020-11-23 19:44:54","2020TankerNov76"
"12745087549",113.402665,-28.8879166667,152,10.8,"2020-11-23 20:49:55","2020TankerNov76"
"12745087549",113.510793333,-29.0644166667,150.7,11.1,"2020-11-23 21:54:56","2020TankerNov76"
"12745087549",113.623911667,-29.244235,150.4,11.9,"2020-11-23 22:59:54","2020TankerNov76"
"12745087549",113.730453333,-29.4240533333,155.5,12.2,"2020-11-23 23:59:56","2020TankerNov76"
"12745087549",113.833548333,-29.6033416667,154,11.9,"2020-11-24 00:59:56","2020TankerNov76"
"12745087549",113.93768,-29.7830683333,155.8,11.6,"2020-11-24 01:59:59","2020TankerNov76"
"12745087549",114.04522,-29.967845,150.4,10.9,"2020-11-24 03:04:58","2020TankerNov76"
"12745087549",114.1538,-30.1360966667,150.1,10.4,"2020-11-24 04:09:55","2020TankerNov76"
"12745087549",114.24928,-30.28412,150.2,9.9,"2020-11-24 05:09:55","2020TankerNov76"
"12745087549",114.343441667,-30.4240233333,151.3,9.3,"2020-11-24 06:09:55","2020TankerNov76"
"12745087549",114.427096667,-30.558215,151.7,8.9,"2020-11-24 07:09:56","2020TankerNov76"
"12745087549",114.515865,-30.6999233333,150,8.8,"2020-11-24 08:14:55","2020TankerNov76"
"12745087549",114.594295,-30.8414216667,157.3,9.1,"2020-11-24 09:14:55","2020TankerNov76"
"12745087549",114.662335,-30.98737,152.2,9.4,"2020-11-24 10:14:57","2020TankerNov76"
"12745087549",114.746245,-31.1274166667,148,9.5,"2020-11-24 11:14:57","2020TankerNov76"
"12745087549",114.837055,-31.2736233333,151.6,9,"2020-11-24 12:19:58","2020TankerNov76"
"12745087549",114.928566667,-31.4166733333,152.7,9,"2020-11-24 13:24:57","2020TankerNov76"
"12745087549",115.016576667,-31.5601716667,153.7,9,"2020-11-24 14:29:58","2020TankerNov76"
"12745087549",115.108211667,-31.7058933333,156.9,9.5,"2020-11-24 15:34:55","2020TankerNov76"
"12745087549",115.266778333,-31.7944833333,119.4,10.1,"2020-11-24 16:34:58","2020TankerNov76"
"12745087549",115.468141667,-31.8694666667,114,10.7,"2020-11-24 17:39:55","2020TankerNov76"
"12745087549",115.615188333,-31.9305916667,94,0.4,"2020-11-24 18:44:58","2020TankerNov76"
"12745087549",115.693111667,-32.0180233333,203.4,3.5,"2020-11-24 19:49:55","2020TankerNov76"
"END",NA,NA,NA,NA,NA,"NA"
"12745087549",115.696538333,-32.0375316667,291.1,7,"2020-11-26 08:09:55","2020TankerNov77"
"12745087549",115.675213333,-32.0336133333,280,0.1,"2020-11-26 09:14:32","2020TankerNov77"
"12745087549",115.6754,-32.03372,315.7,0.4,"2020-11-26 10:14:35","2020TankerNov77"
"12745087549",115.674523333,-32.0346183333,140.6,1.7,"2020-11-26 11:15:00","2020TankerNov77"
"12745087549",115.566101667,-31.9057966667,298.7,12.4,"2020-11-26 12:19:49","2020TankerNov77"
"12745087549",115.348351667,-31.81303,295,12.1,"2020-11-26 13:19:58","2020TankerNov77"
"12745087549",115.131983333,-31.7394866667,291.8,12.1,"2020-11-26 14:19:59","2020TankerNov77"
"12745087549",114.998735,-31.5550566667,332.9,13.6,"2020-11-26 15:19:59","2020TankerNov77"
"12745087549",114.877818333,-31.3596516667,330.7,13.2,"2020-11-26 16:19:59","2020TankerNov77"
"12745087549",114.756461667,-31.1682083333,336.1,12.8,"2020-11-26 17:21:33","2020TankerNov77"
"12745087549",114.63921,-30.938965,336.5,13,"2020-11-26 18:32:09","2020TankerNov77"
"12745087549",114.509923333,-30.7032016667,325.9,13.8,"2020-11-26 19:41:29","2020TankerNov77"
"12745087549",114.351395,-30.4729,331.3,14.2,"2020-11-26 20:49:55","2020TankerNov77"
"12745087549",114.183445,-30.210055,333.8,13.6,"2020-11-26 22:06:31","2020TankerNov77"
"12745087549",114.04086,-29.9557216667,330.4,12.7,"2020-11-26 23:23:58","2020TankerNov77"
"12745087549",113.915848333,-29.75455,336.7,11.1,"2020-11-27 00:32:05","2020TankerNov77"
"12745087549",113.81313,-29.5710083333,332.4,12.6,"2020-11-27 01:35:15","2020TankerNov77"
"12745087549",113.675958333,-29.318065,330.6,12.7,"2020-11-27 02:53:52","2020TankerNov77"
"12745087549",113.548753333,-29.1093816667,333.2,12.3,"2020-11-27 04:01:05","2020TankerNov77"
"12745087549",113.419901667,-28.9053833333,334.5,10.9,"2020-11-27 05:08:56","2020TankerNov77"
"12745087549",113.342895,-28.7183783333,336.6,11.3,"2020-11-27 06:12:17","2020TankerNov77"
"12745087549",113.239073333,-28.4598766667,341.8,13.2,"2020-11-27 07:32:25","2020TankerNov77"
"12745087549",113.139221667,-28.2502833333,335.3,13.2,"2020-11-27 08:33:56","2020TankerNov77"
"12745087549",113.015796667,-27.96566,349.1,13.3,"2020-11-27 09:56:35","2020TankerNov77"
"12745087549",112.931948333,-27.7270916667,337.4,13.2,"2020-11-27 11:04:45","2020TankerNov77"
"12745087549",112.831691667,-27.5003216667,340.5,12.7,"2020-11-27 12:13:46","2020TankerNov77"
"12745087549",112.74204,-27.2792266667,339.3,11.9,"2020-11-27 13:22:37","2020TankerNov77"
"12745087549",112.649935,-27.0612633333,342.2,11.9,"2020-11-27 14:33:28","2020TankerNov77"
"12745087549",112.564085,-26.847245,346.1,11.7,"2020-11-27 15:42:59","2020TankerNov77"
"12745087549",112.468523333,-26.5960716667,338.7,12.3,"2020-11-27 17:02:01","2020TankerNov77"
"12745087549",112.377098333,-26.3875083333,338.5,12.2,"2020-11-27 18:06:16","2020TankerNov77"
"12745087549",112.282886667,-26.1604233333,340.8,12.1,"2020-11-27 19:18:25","2020TankerNov77"
"12745087549",112.194301667,-25.9455033333,342.2,12.4,"2020-11-27 20:25:05","2020TankerNov77"
"12745087549",112.107203333,-25.729415,339.6,11.9,"2020-11-27 21:32:38","2020TankerNov77"
"12745087549",112.003386667,-25.4438916667,339.1,12,"2020-11-27 23:00:58","2020TankerNov77"
"12745087549",111.914775,-25.2290133333,340.1,13.1,"2020-11-28 00:06:10","2020TankerNov77"
"12745087549",111.790526667,-24.9775016667,334.7,13.4,"2020-11-28 01:21:46","2020TankerNov77"
"12745087549",111.691835,-24.7712283333,337.4,13.1,"2020-11-28 02:23:39","2020TankerNov77"
"12745087549",111.613193333,-24.5198083333,342.9,12.2,"2020-11-28 03:37:45","2020TankerNov77"
"12745087549",111.54009,-24.3011166667,341.2,12.4,"2020-11-28 04:44:14","2020TankerNov77"
"12745087549",111.456765,-24.0904916667,338.6,12,"2020-11-28 05:49:48","2020TankerNov77"
"12745087549",111.376573333,-23.8928716667,338.6,12.8,"2020-11-28 06:49:58","2020TankerNov77"
"12745087549",111.294545,-23.6684983333,344.9,13,"2020-11-28 07:54:57","2020TankerNov77"
"12745087549",111.207501667,-23.4433066667,341.6,13.4,"2020-11-28 08:59:53","2020TankerNov77"
"12745087549",111.125121667,-23.2353433333,342.7,13.4,"2020-11-28 09:59:59","2020TankerNov77"
"12745087549",111.038756667,-23.0176666667,339.55,13.25,"2020-11-28 11:04:52","2020TankerNov77"
"12745087549",110.94197,-22.801185,336.4,13.1,"2020-11-28 12:09:59","2020TankerNov77"
"12745087549",110.858066667,-22.600795,336.9,12.4,"2020-11-28 13:09:59","2020TankerNov77"
"12745087549",110.774301667,-22.3890566667,340.5,12.2,"2020-11-28 14:14:59","2020TankerNov77"
"12745087549",110.68918,-22.1756883333,340.8,13.1,"2020-11-28 15:19:58","2020TankerNov77"
"12745087549",110.599278333,-21.9609666667,339.3,12.7,"2020-11-28 16:24:46","2020TankerNov77"
"12745087549",110.521385,-21.7579833333,343.3,12.9,"2020-11-28 17:24:55","2020TankerNov77"
"12745087549",110.447516667,-21.5372916667,342.2,12.8,"2020-11-28 18:28:46","2020TankerNov77"
"12745087549",110.375516667,-21.3225183333,343.2,13.3,"2020-11-28 19:29:54","2020TankerNov77"
"12745087549",110.280615,-21.0990933333,336,13.4,"2020-11-28 20:34:38","2020TankerNov77"
"12745087549",110.18847,-20.88478,337.3,13.9,"2020-11-28 21:34:54","2020TankerNov77"
"12745087549",110.098841667,-20.66696,342.8,13.6,"2020-11-28 22:36:02","2020TankerNov77"
"12745087549",110.020541667,-20.433905,341.5,13.4,"2020-11-28 23:39:47","2020TankerNov77"
"12745087549",109.922523333,-20.1828766667,337.3,13.7,"2020-11-29 00:49:52","2020TankerNov77"
"12745087549",109.837313333,-19.9628266667,338.4,14.2,"2020-11-29 01:50:46","2020TankerNov77"
"12745087549",109.745156667,-19.7391616667,339.2,13.6,"2020-11-29 02:53:26","2020TankerNov77"
"12745087549",109.651715,-19.52071,337.1,14,"2020-11-29 03:54:55","2020TankerNov77"
"12745087549",109.54852,-19.2878433333,335.3,14,"2020-11-29 04:59:59","2020TankerNov77"
"12745087549",109.46559,-19.0490983333,337.65,13.9,"2020-11-29 06:04:51","2020TankerNov77"
"12745087549",109.389803333,-18.8276683333,340,13.8,"2020-11-29 07:05:00","2020TankerNov77"
"12745087549",109.297641667,-18.59301,340.9,13.6,"2020-11-29 08:09:55","2020TankerNov77"
"12745087549",109.202501667,-18.3428283333,341.7,13.6,"2020-11-29 09:19:45","2020TankerNov77"
"12745087549",109.113958333,-18.1087766667,339.7,13.8,"2020-11-29 10:23:12","2020TankerNov77"
"12745087549",109.021666667,-17.8783333333,337,13,"2020-11-29 11:27:50","2020TankerNov77"
"12745087549",108.9552458335,-17.6971533333,339.35,13.3,"2020-11-29 12:18:41","2020TankerNov77"
"12745087549",108.888825,-17.5159733333,341.7,13.6,"2020-11-29 13:08:41","2020TankerNov77"
"12745087549",108.79087,-17.2558083333,339.8,13.8,"2020-11-29 14:22:01","2020TankerNov77"
"12745087549",108.702193333,-17.0338433333,338.5,13.2,"2020-11-29 15:25:27","2020TankerNov77"
"12745087549",108.602283333,-16.7825433333,338.8,13.3,"2020-11-29 16:36:52","2020TankerNov77"
"12745087549",108.49615,-16.5455333333,338.8,13.2,"2020-11-29 17:45:40","2020TankerNov77"
"12745087549",108.375903333,-16.255445,340.2,12.8,"2020-11-29 19:11:04","2020TankerNov77"
"12745087549",108.301051667,-16.0222366667,346.7,13.2,"2020-11-29 20:18:33","2020TankerNov77"
"12745087549",108.24258,-15.8065033333,340.5,12.8,"2020-11-29 21:19:42","2020TankerNov77"
"12745087549",108.166648333,-15.60018,340.4,13.1,"2020-11-29 22:19:57","2020TankerNov77"
"12745087549",108.074418333,-15.381035,337.7,13,"2020-11-29 23:24:31","2020TankerNov77"
"END",NA,NA,NA,NA,NA,"NA"
"13139184531",115.83479,-15.0764516667,179,15.1,"2020-11-06 16:49:59","2020TankerNov78"
"13139184531",115.846788333,-15.3335216667,176.6,15.4,"2020-11-06 17:50:00","2020TankerNov78"
"13139184531",115.864818333,-15.5876766667,175.4,15.3,"2020-11-06 18:50:00","2020TankerNov78"
"13139184531",115.887011667,-15.8669683333,177.9,15.4,"2020-11-06 19:54:59","2020TankerNov78"
"13139184531",115.888005,-16.127685,179.9,15.4,"2020-11-06 20:55:00","2020TankerNov78"
"13139184531",115.886486667,-16.4090283333,179.7,15.6,"2020-11-06 21:59:59","2020TankerNov78"
"13139184531",115.895003333,-16.6890616667,176.5,15.4,"2020-11-06 23:05:00","2020TankerNov78"
"13139184531",115.911705,-16.9447883333,177.1,15.2,"2020-11-07 00:05:00","2020TankerNov78"
"13139184531",115.930226667,-17.1948766667,177.7,14.7,"2020-11-07 01:05:00","2020TankerNov78"
"13139184531",115.939503333,-17.46925,179,15.2,"2020-11-07 02:09:59","2020TankerNov78"
"13139184531",115.942466667,-17.7218266667,180.6,14.9,"2020-11-07 03:09:59","2020TankerNov78"
"13139184531",115.939273333,-17.9730166667,180.8,14.8,"2020-11-07 04:09:59","2020TankerNov78"
"13139184531",115.935996667,-18.2225233333,179.5,14.8,"2020-11-07 05:10:00","2020TankerNov78"
"13139184531",115.992456667,-18.450015,57,16,"2020-11-07 06:15:00","2020TankerNov78"
"13139184531",115.969561667,-18.1556866667,353.5,16.8,"2020-11-07 07:19:59","2020TankerNov78"
"13139184531",115.939321667,-17.8740866667,355,16.8,"2020-11-07 08:20:00","2020TankerNov78"
"13139184531",115.924688333,-17.57397,0.3,16.3,"2020-11-07 09:25:00","2020TankerNov78"
"13139184531",115.918501667,-17.303285,357.8,16.1,"2020-11-07 10:25:00","2020TankerNov78"
"13139184531",115.912183333,-17.007145,357.3,16.6,"2020-11-07 11:30:00","2020TankerNov78"
"13139184531",115.895861667,-16.709755,355.8,16.3,"2020-11-07 12:35:00","2020TankerNov78"
"13139184531",115.872213333,-16.4143166667,356.4,16.5,"2020-11-07 13:39:59","2020TankerNov78"
"13139184531",115.849215,-16.139475,358.9,16.2,"2020-11-07 14:40:00","2020TankerNov78"
"13139184531",115.897201667,-15.8782666667,106.3,15.5,"2020-11-07 15:44:56","2020TankerNov78"
"13139184531",115.892091667,-16.1161466667,181.7,15.2,"2020-11-07 16:44:59","2020TankerNov78"
"13139184531",115.882215,-16.37444,182.1,15.3,"2020-11-07 17:45:00","2020TankerNov78"
"13139184531",115.878065,-16.6315833333,180,15.3,"2020-11-07 18:45:00","2020TankerNov78"
"13139184531",115.882833333,-16.8879966667,176.6,15.2,"2020-11-07 19:45:00","2020TankerNov78"
"13139184531",115.90071,-17.1445933333,176.9,15.5,"2020-11-07 20:45:00","2020TankerNov78"
"13139184531",115.912198333,-17.4060166667,179.5,15.7,"2020-11-07 21:45:00","2020TankerNov78"
"13139184531",115.922756667,-17.6891866667,178.5,15.3,"2020-11-07 22:49:59","2020TankerNov78"
"13139184531",115.931346667,-17.9437683333,179.4,15.2,"2020-11-07 23:50:00","2020TankerNov78"
"13139184531",115.923763333,-18.2235833333,184.5,15.5,"2020-11-08 00:54:59","2020TankerNov78"
"13139184531",115.961928333,-18.1071833333,356.3,16,"2020-11-08 01:54:59","2020TankerNov78"
"13139184531",115.956181667,-17.815965,357.6,16.4,"2020-11-08 02:59:59","2020TankerNov78"
"13139184531",115.948105,-17.5453183333,359.5,16,"2020-11-08 04:00:00","2020TankerNov78"
"13139184531",115.942171667,-17.2558266667,359.9,15.7,"2020-11-08 05:04:59","2020TankerNov78"
"13139184531",115.925796667,-16.990555,356.6,15.8,"2020-11-08 06:04:59","2020TankerNov78"
"13139184531",115.902256667,-16.7197533333,354.1,16.2,"2020-11-08 07:04:59","2020TankerNov78"
"13139184531",115.873943333,-16.44972,354.4,16.4,"2020-11-08 08:05:00","2020TankerNov78"
"13139184531",115.86279,-16.1762433333,357.4,16.5,"2020-11-08 09:05:00","2020TankerNov78"
"13139184531",115.853111667,-15.8789933333,358.9,16.4,"2020-11-08 10:10:00","2020TankerNov78"
"13139184531",115.846745,-15.579365,358.7,16.6,"2020-11-08 11:15:00","2020TankerNov78"
"13139184531",115.831236667,-15.2846633333,356.1,15.7,"2020-11-08 12:19:57","2020TankerNov78"
"13139184531",115.867711667,-15.1096016667,184.2,14.8,"2020-11-08 13:19:58","2020TankerNov78"
"13139184531",115.870936667,-15.3679016667,179.2,15.4,"2020-11-08 14:19:58","2020TankerNov78"
"13139184531",115.881418333,-15.6444216667,177.5,15.2,"2020-11-08 15:24:58","2020TankerNov78"
"13139184531",115.88805,-15.917465,180,14.8,"2020-11-08 16:29:57","2020TankerNov78"
"13139184531",115.885795,-16.16427,181.1,14.6,"2020-11-08 17:29:57","2020TankerNov78"
"13139184531",115.876738333,-16.4114716667,181.3,15,"2020-11-08 18:29:58","2020TankerNov78"
"13139184531",115.891205,-16.6839783333,177.8,15,"2020-11-08 19:34:57","2020TankerNov78"
"13139184531",115.909128333,-16.9529583333,175.6,14.6,"2020-11-08 20:39:57","2020TankerNov78"
"13139184531",115.912313333,-17.2026583333,179.5,15.1,"2020-11-08 21:39:57","2020TankerNov78"
"13139184531",115.915815,-17.4573033333,178.6,15,"2020-11-08 22:39:57","2020TankerNov78"
"13139184531",115.925013333,-17.711435,177.8,14.9,"2020-11-08 23:39:57","2020TankerNov78"
"13139184531",115.91222,-17.95554,188.4,14.9,"2020-11-09 00:40:00","2020TankerNov78"
"13139184531",115.949521667,-17.7434666667,359.3,16.5,"2020-11-09 01:44:57","2020TankerNov78"
"13139184531",115.942006667,-17.468395,358.4,16.6,"2020-11-09 02:44:58","2020TankerNov78"
"13139184531",115.930731667,-17.1714,359.3,16.2,"2020-11-09 03:49:56","2020TankerNov78"
"13139184531",115.913165,-16.9029883333,325.5,15.8,"2020-11-09 04:49:57","2020TankerNov78"
"13139184531",115.795201667,-16.9958266667,133.8,15.5,"2020-11-09 05:54:57","2020TankerNov78"
"13139184531",115.959875,-16.89055,352.7,16.6,"2020-11-09 06:54:57","2020TankerNov78"
"13139184531",115.912878333,-16.5925216667,350.5,16.6,"2020-11-09 07:59:58","2020TankerNov78"
"13139184531",115.877793333,-16.3055466667,355.1,16.3,"2020-11-09 09:02:52","2020TankerNov78"
"13139184531",115.85136,-15.9754266667,355.7,16.4,"2020-11-09 10:14:39","2020TankerNov78"
"13139184531",115.839451667,-15.6984916667,357.4,16.4,"2020-11-09 11:14:57","2020TankerNov78"
"13139184531",115.832513333,-15.4202766667,358.6,16.8,"2020-11-09 12:14:57","2020TankerNov78"
"13139184531",115.87609,-15.3758133333,176.3,14.8,"2020-11-09 13:14:57","2020TankerNov78"
"13139184531",115.887781667,-15.6427033333,179.9,15,"2020-11-09 14:19:09","2020TankerNov78"
"13139184531",115.885856667,-15.896,183.2,14.6,"2020-11-09 15:19:39","2020TankerNov78"
"13139184531",115.876153333,-16.16644,184.9,14.9,"2020-11-09 16:24:56","2020TankerNov78"
"13139184531",115.869616667,-16.4170683333,179.5,15.1,"2020-11-09 17:24:57","2020TankerNov78"
"13139184531",115.891053333,-16.669095,174.7,15,"2020-11-09 18:24:58","2020TankerNov78"
"13139184531",115.91102,-16.9389083333,175.9,14.7,"2020-11-09 19:29:57","2020TankerNov78"
"13139184531",115.921258333,-17.2091616667,178.5,15.1,"2020-11-09 20:34:57","2020TankerNov78"
"13139184531",115.922345,-17.4697966667,179.8,15.6,"2020-11-09 21:34:58","2020TankerNov78"
"13139184531",115.929913333,-17.7463983333,177.2,15.2,"2020-11-09 22:39:09","2020TankerNov78"
"13139184531",115.934555,-18.0031183333,175.8,15.1,"2020-11-09 23:39:56","2020TankerNov78"
"13139184531",115.946628333,-18.2532033333,177.4,15,"2020-11-10 00:39:56","2020TankerNov78"
"13139184531",115.942616667,-18.4037566667,286,1.1,"2020-11-10 01:44:55","2020TankerNov78"
"13139184531",115.935391667,-18.380145,10.9,1.7,"2020-11-10 02:49:56","2020TankerNov78"
"13139184531",115.93482,-18.3464033333,351.7,1.9,"2020-11-10 03:54:45","2020TankerNov78"
"13139184531",115.934858333,-18.3109183333,0.3,2.5,"2020-11-10 04:54:56","2020TankerNov78"
"13139184531",115.933145,-18.269355,358.3,2,"2020-11-10 05:59:55","2020TankerNov78"
"13139184531",115.940448333,-18.239885,45.5,6.8,"2020-11-10 07:04:11","2020TankerNov78"
"13139184531",115.948225,-17.9844716667,358.7,17.1,"2020-11-10 08:04:59","2020TankerNov78"
"13139184531",115.937448333,-17.6943983333,359.9,15.9,"2020-11-10 09:08:12","2020TankerNov78"
"13139184531",115.928041667,-17.4150416667,357.5,15.9,"2020-11-10 10:10:00","2020TankerNov78"
"13139184531",115.911931667,-17.1210916667,358.6,16.5,"2020-11-10 11:14:53","2020TankerNov78"
"13139184531",115.90565,-16.8298283333,359.1,16,"2020-11-10 12:18:42","2020TankerNov78"
"13139184531",115.887915,-16.554975,354.6,16.1,"2020-11-10 13:19:46","2020TankerNov78"
"13139184531",115.86388,-16.249025,357.4,16.6,"2020-11-10 14:26:41","2020TankerNov78"
"13139184531",115.857786667,-15.9103833333,0.6,16.5,"2020-11-10 15:39:48","2020TankerNov78"
"13139184531",115.861185,-15.6138916667,344.2,15.6,"2020-11-10 16:45:00","2020TankerNov78"
"13139184531",115.881881667,-15.5694483333,181.6,15.1,"2020-11-10 17:49:59","2020TankerNov78"
"13139184531",115.870935,-15.8419883333,177,15,"2020-11-10 18:54:53","2020TankerNov78"
"13139184531",115.875268333,-16.091155,180.2,14.8,"2020-11-10 19:54:59","2020TankerNov78"
"13139184531",115.872921667,-16.362805,179.2,14.9,"2020-11-10 21:00:00","2020TankerNov78"
"13139184531",115.888516667,-16.6318883333,177,14.7,"2020-11-10 22:04:59","2020TankerNov78"
"13139184531",115.903436667,-16.8804366667,176.3,14.7,"2020-11-10 23:05:00","2020TankerNov78"
"13139184531",115.916491667,-17.1273216667,177.9,14.6,"2020-11-11 00:05:00","2020TankerNov78"
"13139184531",115.919585,-17.3983466667,178.4,15.1,"2020-11-11 01:09:53","2020TankerNov78"
"13139184531",115.927946667,-17.6543816667,177.4,15.2,"2020-11-11 02:10:00","2020TankerNov78"
"13139184531",115.93252,-17.9274833333,180,14.8,"2020-11-11 03:14:58","2020TankerNov78"
"13139184531",115.935543333,-18.1753083333,181.2,14.6,"2020-11-11 04:14:59","2020TankerNov78"
"13139184531",115.925691667,-18.4199266667,180.9,14.4,"2020-11-11 05:15:00","2020TankerNov78"
"13139184531",115.969936667,-18.3197183333,349.7,16.2,"2020-11-11 06:19:29","2020TankerNov78"
"13139184531",115.947175,-18.031015,359.2,16.6,"2020-11-11 07:22:41","2020TankerNov78"
"13139184531",115.948946667,-17.745745,2.8,16.1,"2020-11-11 08:25:00","2020TankerNov78"
"13139184531",115.907145,-17.5630116667,176.1,14.7,"2020-11-11 09:30:00","2020TankerNov78"
"13139184531",115.924783333,-17.830615,178,14.4,"2020-11-11 10:34:59","2020TankerNov78"
"13139184531",115.938993333,-18.0743833333,177.9,14.4,"2020-11-11 11:34:59","2020TankerNov78"
"13139184531",115.951553333,-18.3174683333,178,14.6,"2020-11-11 12:34:59","2020TankerNov78"
"13139184531",115.948978333,-18.5641333333,187.5,14.9,"2020-11-11 13:34:59","2020TankerNov78"
"13139184531",115.920698333,-18.81839,185.2,15.6,"2020-11-11 14:34:59","2020TankerNov78"
"13139184531",115.89342,-19.07589,185.3,15.5,"2020-11-11 15:35:00","2020TankerNov78"
"13139184531",115.860078333,-19.3218083333,187.2,14.4,"2020-11-11 16:35:00","2020TankerNov78"
"13139184531",115.832136667,-19.58384,178.6,14.5,"2020-11-11 17:39:59","2020TankerNov78"
"13139184531",115.838053333,-19.8237016667,179,14.2,"2020-11-11 18:40:00","2020TankerNov78"
"13139184531",115.838665,-20.08531,180.8,14.5,"2020-11-11 19:45:00","2020TankerNov78"
"13139184531",115.832283333,-20.3541966667,179.3,15,"2020-11-11 20:49:59","2020TankerNov78"
"13139184531",115.832343333,-20.6158616667,180.4,12.5,"2020-11-11 21:54:55","2020TankerNov78"
"13139184531",115.750445,-20.7136666667,232.9,5.7,"2020-11-11 22:54:56","2020TankerNov78"
"13139184531",115.627368333,-20.79381,264.8,7.9,"2020-11-11 23:59:59","2020TankerNov78"
"END",NA,NA,NA,NA,NA,"NA"
"13139184531",115.523405,-20.834625,124.2,8.4,"2020-11-13 03:10:00","2020TankerNov79"
"13139184531",115.730843333,-20.7328283333,56.6,16.3,"2020-11-13 04:14:57","2020TankerNov79"
"13139184531",115.842813333,-20.483045,0,18.8,"2020-11-13 05:14:57","2020TankerNov79"
"13139184531",115.842096667,-20.1497883333,0.1,18.7,"2020-11-13 06:17:38","2020TankerNov79"
"13139184531",115.837213333,-19.8209066667,357.7,19.2,"2020-11-13 07:19:57","2020TankerNov79"
"13139184531",115.843523333,-19.5065516667,4.1,18.7,"2020-11-13 08:19:57","2020TankerNov79"
"13139184531",115.902408333,-19.1763616667,12,18.1,"2020-11-13 09:24:56","2020TankerNov79"
"13139184531",115.964833333,-18.8729683333,10.3,18.5,"2020-11-13 10:24:57","2020TankerNov79"
"13139184531",116.021315,-18.534405,7.7,19.2,"2020-11-13 11:29:57","2020TankerNov79"
"13139184531",116.008451667,-18.2139583333,356.9,19.2,"2020-11-13 12:29:58","2020TankerNov79"
"13139184531",115.984068333,-17.862825,357.8,19.4,"2020-11-13 13:34:56","2020TankerNov79"
"13139184531",115.9807,-17.5424533333,0,19,"2020-11-13 14:34:57","2020TankerNov79"
"13139184531",115.984953333,-17.201135,356.8,18.6,"2020-11-13 15:39:56","2020TankerNov79"
"13139184531",115.962926667,-16.8906116667,355.1,18.6,"2020-11-13 16:39:56","2020TankerNov79"
"13139184531",115.951078333,-16.5799183333,0.1,18.7,"2020-11-13 17:39:56","2020TankerNov79"
"13139184531",115.9423,-16.2646183333,357.8,18.8,"2020-11-13 18:39:56","2020TankerNov79"
"13139184531",115.934128333,-15.947515,359.5,19.1,"2020-11-13 19:39:57","2020TankerNov79"
"13139184531",115.929775,-15.62579,358.6,19.1,"2020-11-13 20:39:57","2020TankerNov79"
"END",NA,NA,NA,NA,NA,"NA"
"13710234274",115.011315,-21.6645333333,13.9,6.9,"2020-11-02 23:59:57","2020TankerNov80"
"13710234274",115.045453333,-21.5340816667,14.2,8.2,"2020-11-03 00:59:58","2020TankerNov80"
"13710234274",115.152755,-21.402035,44.9,12.3,"2020-11-03 02:04:58","2020TankerNov80"
"13710234274",115.242045,-21.2620916667,337.6,11.6,"2020-11-03 03:04:58","2020TankerNov80"
"13710234274",115.081405,-21.02558,324.8,17.9,"2020-11-03 04:09:54","2020TankerNov80"
"13710234274",114.89559,-20.7874016667,310.6,17.7,"2020-11-03 05:09:56","2020TankerNov80"
"13710234274",114.721343333,-20.5461333333,18.3,17.6,"2020-11-03 06:14:55","2020TankerNov80"
"13710234274",114.826935,-20.2580083333,18.9,18.4,"2020-11-03 07:14:55","2020TankerNov80"
"13710234274",114.941951667,-19.94493,18.5,18.3,"2020-11-03 08:19:55","2020TankerNov80"
"13710234274",115.05087,-19.6569616667,20.8,18.4,"2020-11-03 09:19:56","2020TankerNov80"
"13710234274",115.213548333,-19.3659833333,40.2,18.3,"2020-11-03 10:24:55","2020TankerNov80"
"13710234274",115.419538333,-19.1256716667,40.4,18.7,"2020-11-03 11:24:55","2020TankerNov80"
"13710234274",115.62641,-18.888255,38.9,18.5,"2020-11-03 12:24:56","2020TankerNov80"
"END",NA,NA,NA,NA,NA,"NA"
"13710234274",115.936126667,-18.2999083333,281.9,9.2,"2020-11-29 06:50:00","2020TankerNov81"
"13710234274",115.772363333,-18.2625366667,283.5,8.8,"2020-11-29 07:55:00","2020TankerNov81"
"13710234274",115.612593333,-18.22382,286,8.5,"2020-11-29 09:00:00","2020TankerNov81"
"13710234274",115.542443333,-18.30393,195.7,8.5,"2020-11-29 10:00:00","2020TankerNov81"
"13710234274",115.496861667,-18.45214,196.1,8.6,"2020-11-29 11:05:00","2020TankerNov81"
"13710234274",115.46664,-18.6073866667,178,8.9,"2020-11-29 12:10:00","2020TankerNov81"
"13710234274",115.414598333,-18.756075,200,8.7,"2020-11-29 13:14:59","2020TankerNov81"
"13710234274",115.357445,-18.9072166667,200.9,8.7,"2020-11-29 14:19:50","2020TankerNov81"
"13710234274",115.301991667,-19.0377366667,203.4,8.3,"2020-11-29 15:19:52","2020TankerNov81"
"13710234274",115.237281667,-19.1783133333,203.7,8.7,"2020-11-29 16:24:51","2020TankerNov81"
"13710234274",115.17374,-19.3138583333,200.6,8.9,"2020-11-29 17:24:51","2020TankerNov81"
"13710234274",115.10342,-19.44689,211.8,8.8,"2020-11-29 18:24:51","2020TankerNov81"
"13710234274",115.02325,-19.5729466667,211.1,8.6,"2020-11-29 19:25:00","2020TankerNov81"
"13710234274",114.925421667,-19.70005,220.3,8.7,"2020-11-29 20:29:50","2020TankerNov81"
"13710234274",114.823666667,-19.8081166667,221.6,8.6,"2020-11-29 21:29:50","2020TankerNov81"
"13710234274",114.724865,-19.92023,220.8,9,"2020-11-29 22:29:50","2020TankerNov81"
"13710234274",114.626246667,-20.03509,216,8.6,"2020-11-29 23:30:00","2020TankerNov81"
"13710234274",114.584048333,-20.173715,205.6,8.23333333333333,"2020-11-30 00:34:59","2020TankerNov81"
"13710234274",114.566161667,-20.311485,195.2,7.86666666666667,"2020-11-30 01:34:59","2020TankerNov81"
"13710234274",114.549946667,-20.4503433333,184.8,7.5,"2020-11-30 02:39:49","2020TankerNov81"
"13710234274",114.538328333,-20.5775583333,184.3,7.4,"2020-11-30 03:39:49","2020TankerNov81"
"13710234274",114.528848333,-20.6993083333,182.2,7.4,"2020-11-30 04:39:50","2020TankerNov81"
"13710234274",114.523118333,-20.827005,182.4,7.7,"2020-11-30 05:39:52","2020TankerNov81"
"13710234274",114.507206667,-20.9587266667,185.4,8.1,"2020-11-30 06:39:52","2020TankerNov81"
"13710234274",114.609083333,-21.0549133333,108.5,9.3,"2020-11-30 07:44:50","2020TankerNov81"
"13710234274",114.769486667,-21.103415,107.9,9.7,"2020-11-30 08:44:50","2020TankerNov81"
"13710234274",114.927878333,-21.10414,59.1,10.5,"2020-11-30 09:44:51","2020TankerNov81"
"13710234274",115.07403,-20.9815716667,35.6,10.3,"2020-11-30 10:49:55","2020TankerNov81"
"13710234274",115.02719,-21.0086366667,190.6,8.4,"2020-11-30 11:55:00","2020TankerNov81"
"13710234274",114.93906,-21.1295133333,215.5,8.3,"2020-11-30 12:59:50","2020TankerNov81"
"13710234274",114.853228333,-21.2271733333,206.1,8.7,"2020-11-30 13:59:51","2020TankerNov81"
"13710234274",114.759135,-21.3351733333,246.4,8.6,"2020-11-30 14:59:51","2020TankerNov81"
"13710234274",114.849003333,-21.2565433333,44.2,10.3,"2020-11-30 15:59:51","2020TankerNov81"
"13710234274",114.97613,-21.133335,45.3,10.4,"2020-11-30 16:59:52","2020TankerNov81"
"13710234274",115.104861667,-21.01318,16.6,9.8,"2020-11-30 18:00:00","2020TankerNov81"
"13710234274",114.989268333,-21.0433666667,236.6,8.1,"2020-11-30 19:05:00","2020TankerNov81"
"13710234274",115.04096,-21.1087283333,103.8,9.5,"2020-11-30 20:09:51","2020TankerNov81"
"13710234274",115.185005,-21.1460866667,148.6,8.5,"2020-11-30 21:10:00","2020TankerNov81"
"13710234274",115.24835,-21.2753866667,217.5,2.6,"2020-11-30 22:14:51","2020TankerNov81"
"END",NA,NA,NA,NA,NA,"NA"
"14303940237",115.78285,-15.2008666667,178.5,17.8,"2020-11-03 05:55:07","2020TankerNov82"
"14303940237",115.78968,-15.5195716667,178.7,17.9,"2020-11-03 06:59:44","2020TankerNov82"
"14303940237",115.799185,-15.8225,179,18.1,"2020-11-03 07:59:56","2020TankerNov82"
"14303940237",115.802088333,-16.1460466667,179.8,18.1,"2020-11-03 09:04:56","2020TankerNov82"
"14303940237",115.799916667,-16.4439383333,179.6,17.3,"2020-11-03 10:04:56","2020TankerNov82"
"14303940237",115.803351667,-16.7675366667,179.5,17.5,"2020-11-03 11:09:56","2020TankerNov82"
"14303940237",115.811211667,-17.0657666667,178.9,17.9,"2020-11-03 12:09:57","2020TankerNov82"
"14303940237",115.814953333,-17.388585,178.3,17.9,"2020-11-03 13:14:49","2020TankerNov82"
"14303940237",115.820416667,-17.6845333333,180.6,17.9,"2020-11-03 14:14:58","2020TankerNov82"
"14303940237",115.818043333,-18.0064266667,180,17.2,"2020-11-03 15:19:56","2020TankerNov82"
"14303940237",115.82442,-18.3293216667,179.5,18.1,"2020-11-03 16:24:56","2020TankerNov82"
"14303940237",115.834628333,-18.6598233333,177.4,18.5,"2020-11-03 17:29:56","2020TankerNov82"
"14303940237",115.84642,-18.9664883333,182.9,17.8,"2020-11-03 18:29:56","2020TankerNov82"
"14303940237",115.838625,-19.2923616667,182.1,18.2,"2020-11-03 19:34:55","2020TankerNov82"
"14303940237",115.829126667,-19.5902333333,181.1,17.5,"2020-11-03 20:34:56","2020TankerNov82"
"14303940237",115.832808333,-19.9126633333,177.9,17.8,"2020-11-03 21:39:55","2020TankerNov82"
"14303940237",115.841878333,-20.26537,179.5,18.1,"2020-11-03 22:49:55","2020TankerNov82"
"14303940237",115.838856667,-20.5638616667,179.7,13.2,"2020-11-03 23:49:55","2020TankerNov82"
"14303940237",115.819803333,-20.6702783333,232.6,5.1,"2020-11-04 00:54:51","2020TankerNov82"
"14303940237",115.771495,-20.709215,195.4,2.2,"2020-11-04 01:54:51","2020TankerNov82"
"14303940237",115.76702,-20.741025,190,1.6,"2020-11-04 02:54:52","2020TankerNov82"
"14303940237",115.68887,-20.77665,252.9,6.9,"2020-11-04 03:59:51","2020TankerNov82"
"14303940237",115.550085,-20.834625,242.6,7.8,"2020-11-04 04:59:52","2020TankerNov82"
"14303940237",115.490166667,-20.816765,354.1,0.8,"2020-11-04 05:59:52","2020TankerNov82"
"14303940237",115.490888333,-20.8132583333,317.8,0.1,"2020-11-04 06:59:52","2020TankerNov82"
"14303940237",115.490866667,-20.8132516667,336.1,0.1,"2020-11-04 08:04:51","2020TankerNov82"
"END",NA,NA,NA,NA,NA,"NA"
"14303940237",115.4909,-20.8133083333,332.1,0.1,"2020-11-05 06:28:32","2020TankerNov83"
"14303940237",115.490875,-20.8133116667,279.725,1.675,"2020-11-05 07:28:32","2020TankerNov83"
"14303940237",115.490895,-20.8132866667,227.35,3.25,"2020-11-05 08:28:32","2020TankerNov83"
"14303940237",115.490868333,-20.81333,174.975,4.825,"2020-11-05 09:28:32","2020TankerNov83"
"14303940237",115.510033333,-20.826685,122.6,6.4,"2020-11-05 10:29:51","2020TankerNov83"
"14303940237",115.679096667,-20.7779116667,67.5,15.7,"2020-11-05 11:29:55","2020TankerNov83"
"14303940237",115.836831667,-20.5710383333,3.3,16.8,"2020-11-05 12:29:55","2020TankerNov83"
"14303940237",115.838395,-20.2719383333,359.7,16.5,"2020-11-05 13:34:58","2020TankerNov83"
"14303940237",115.839253333,-19.9738466667,359.8,16.6,"2020-11-05 14:39:55","2020TankerNov83"
"14303940237",115.833585,-19.6728733333,0.8,16.6,"2020-11-05 15:45:00","2020TankerNov83"
"14303940237",115.837421667,-19.3688616667,359.6,17.2,"2020-11-05 16:49:54","2020TankerNov83"
"14303940237",115.839045,-19.0818283333,0.6,17.3,"2020-11-05 17:49:55","2020TankerNov83"
"14303940237",115.837516667,-18.79355,357.5,17,"2020-11-05 18:49:55","2020TankerNov83"
"14303940237",115.824156667,-18.4900833333,358,16.4,"2020-11-05 19:54:54","2020TankerNov83"
"14303940237",115.821071667,-18.2078933333,359.9,17.1,"2020-11-05 20:54:55","2020TankerNov83"
"14303940237",115.815315,-17.9219716667,0,17.2,"2020-11-05 21:54:55","2020TankerNov83"
"14303940237",115.82981,-17.6374883333,357.7,17,"2020-11-05 22:54:55","2020TankerNov83"
"14303940237",115.81931,-17.3534416667,358.1,17,"2020-11-05 23:55:00","2020TankerNov83"
"14303940237",115.818618333,-17.041355,359.8,17.3,"2020-11-06 01:00:00","2020TankerNov83"
"14303940237",115.806865,-16.72749,358.2,17.3,"2020-11-06 02:04:54","2020TankerNov83"
"14303940237",115.802741667,-16.437925,0.2,17.4,"2020-11-06 03:04:55","2020TankerNov83"
"14303940237",115.799405,-16.146285,0.1,17.2,"2020-11-06 04:04:55","2020TankerNov83"
"14303940237",115.799635,-15.85971,1.8,16.7,"2020-11-06 05:04:55","2020TankerNov83"
"14303940237",115.799441667,-15.5744066667,357.9,17.2,"2020-11-06 06:04:55","2020TankerNov83"
"END",NA,NA,NA,NA,NA,"NA"
"16052562350",114.468253333,-15.03959,191.6,5.6,"2020-11-05 11:24:57","2020TankerNov84"
"16052562350",114.455778333,-15.1308066667,190.8,5.3,"2020-11-05 12:24:58","2020TankerNov84"
"16052562350",114.44181,-15.2260833333,184.7,8.6,"2020-11-05 13:24:58","2020TankerNov84"
"16052562350",114.406556667,-15.4223366667,189.7,11.3,"2020-11-05 14:29:58","2020TankerNov84"
"16052562350",114.372511667,-15.6206616667,187.9,11.1,"2020-11-05 15:34:58","2020TankerNov84"
"16052562350",114.338735,-15.8177866667,190.4,11.2,"2020-11-05 16:39:58","2020TankerNov84"
"16052562350",114.304156667,-16.0001516667,188,10.8,"2020-11-05 17:39:58","2020TankerNov84"
"16052562350",114.26704,-16.20214,189.2,11.5,"2020-11-05 18:44:59","2020TankerNov84"
"16052562350",114.230455,-16.4034616667,189.05,11.2,"2020-11-05 19:49:48","2020TankerNov84"
"16052562350",114.195413333,-16.5860116667,188.9,10.9,"2020-11-05 20:49:58","2020TankerNov84"
"16052562350",114.15585,-16.78056,191,10.7,"2020-11-05 21:54:57","2020TankerNov84"
"16052562350",114.126805,-16.9600916667,187.6,10.8,"2020-11-05 22:54:58","2020TankerNov84"
"16052562350",114.096345,-17.149325,188.2,10.5,"2020-11-05 23:59:57","2020TankerNov84"
"16052562350",114.06095,-17.342025,191,11.6,"2020-11-06 00:59:58","2020TankerNov84"
"16052562350",114.041001667,-17.4540316667,184.1,2.8,"2020-11-06 01:59:58","2020TankerNov84"
"16052562350",114.035633333,-17.4954766667,186.8,2.5,"2020-11-06 02:59:58","2020TankerNov84"
"16052562350",114.027616667,-17.5366133333,199,2.4,"2020-11-06 03:59:59","2020TankerNov84"
"16052562350",114.014701667,-17.57993,201.6,2.8,"2020-11-06 05:04:57","2020TankerNov84"
"16052562350",114.003838333,-17.622845,195.7,2.7,"2020-11-06 06:04:57","2020TankerNov84"
"16052562350",113.99011,-17.66928,196,2.5,"2020-11-06 07:09:57","2020TankerNov84"
"16052562350",113.980026667,-17.7130633333,185.9,2.6,"2020-11-06 08:09:58","2020TankerNov84"
"16052562350",113.975703333,-17.7640416667,184.9,2.7,"2020-11-06 09:14:57","2020TankerNov84"
"16052562350",113.96774,-17.8084583333,204.5,2.7,"2020-11-06 10:14:57","2020TankerNov84"
"16052562350",113.956873333,-17.8564083333,193.7,3,"2020-11-06 11:14:58","2020TankerNov84"
"16052562350",113.948188333,-17.907345,181.3,3.1,"2020-11-06 12:14:58","2020TankerNov84"
"16052562350",113.942426667,-17.9690933333,191.1,7.6,"2020-11-06 13:14:58","2020TankerNov84"
"16052562350",113.912865,-18.13614,190.4,10.1,"2020-11-06 14:14:58","2020TankerNov84"
"16052562350",113.88207,-18.3086216667,187,10.7,"2020-11-06 15:14:58","2020TankerNov84"
"16052562350",113.851788333,-18.4951633333,192.5,10.2,"2020-11-06 16:19:58","2020TankerNov84"
"16052562350",113.81617,-18.66801,190.1,10.5,"2020-11-06 17:19:58","2020TankerNov84"
"16052562350",113.78128,-18.8563383333,192.3,10.8,"2020-11-06 18:24:57","2020TankerNov84"
"16052562350",113.748106667,-19.0380883333,191.1,11.1,"2020-11-06 19:24:58","2020TankerNov84"
"16052562350",113.714315,-19.23228,187.8,11,"2020-11-06 20:29:58","2020TankerNov84"
"16052562350",113.68295,-19.4254,190.6,10.7,"2020-11-06 21:34:48","2020TankerNov84"
"16052562350",113.644675,-19.6044966667,190.4,11.2,"2020-11-06 22:34:58","2020TankerNov84"
"16052562350",113.609333333,-19.8020533333,190,11.2,"2020-11-06 23:39:59","2020TankerNov84"
"16052562350",113.567621667,-20.019175,192.1,13.2,"2020-11-07 00:44:49","2020TankerNov84"
"16052562350",113.526313333,-20.2078333333,190.8,9.9,"2020-11-07 01:44:58","2020TankerNov84"
"16052562350",113.498333333,-20.3452733333,188.5,8.8,"2020-11-07 02:44:58","2020TankerNov84"
"16052562350",113.475161667,-20.4622633333,190.7,4.1,"2020-11-07 03:44:58","2020TankerNov84"
"16052562350",113.462578333,-20.5370483333,185.8,4.3,"2020-11-07 04:49:57","2020TankerNov84"
"16052562350",113.452846667,-20.62671,187.7,9.3,"2020-11-07 05:49:57","2020TankerNov84"
"16052562350",113.436638333,-20.7460433333,189.1,4.2,"2020-11-07 06:49:58","2020TankerNov84"
"16052562350",113.417806667,-20.8132883333,188.1,4,"2020-11-07 07:49:59","2020TankerNov84"
"16052562350",113.404505,-20.8881716667,189.9,4.5,"2020-11-07 08:54:58","2020TankerNov84"
"16052562350",113.390901667,-20.9588033333,187.8,4.3,"2020-11-07 09:54:58","2020TankerNov84"
"16052562350",113.3774,-21.033095,187.1,4.4,"2020-11-07 10:54:58","2020TankerNov84"
"16052562350",113.36356,-21.105745,184.8,4.4,"2020-11-07 11:54:59","2020TankerNov84"
"16052562350",113.349193333,-21.1837283333,189.2,4.2,"2020-11-07 12:59:58","2020TankerNov84"
"16052562350",113.338423333,-21.2612633333,191.3,7.8,"2020-11-07 14:04:57","2020TankerNov84"
"16052562350",113.302338333,-21.437225,191,11.3,"2020-11-07 15:04:57","2020TankerNov84"
"16052562350",113.265861667,-21.6354866667,188.9,11.1,"2020-11-07 16:09:57","2020TankerNov84"
"16052562350",113.22877,-21.8163066667,191.1,10.9,"2020-11-07 17:09:58","2020TankerNov84"
"16052562350",113.192865,-22.01347,189.9,11,"2020-11-07 18:14:58","2020TankerNov84"
"16052562350",113.15644,-22.20798,187.8,11.2,"2020-11-07 19:19:57","2020TankerNov84"
"16052562350",113.12513,-22.3896683333,187.8,11.2,"2020-11-07 20:19:58","2020TankerNov84"
"16052562350",113.088338333,-22.5878866667,191.2,10.9,"2020-11-07 21:24:57","2020TankerNov84"
"16052562350",113.048663333,-22.7643433333,192.6,10.7,"2020-11-07 22:24:57","2020TankerNov84"
"16052562350",113.020865,-22.9400533333,191.3,10.8,"2020-11-07 23:24:57","2020TankerNov84"
"16052562350",112.988808333,-23.1272933333,190.4,13.3,"2020-11-08 00:24:57","2020TankerNov84"
"16052562350",112.94711,-23.3268483333,183.3,5.2,"2020-11-08 01:29:52","2020TankerNov84"
"16052562350",112.934543333,-23.4014283333,191.1,4.4,"2020-11-08 02:29:53","2020TankerNov84"
"16052562350",112.918568333,-23.4755083333,189,4.4,"2020-11-08 03:29:54","2020TankerNov84"
"16052562350",112.901275,-23.5502533333,190.6,4.7,"2020-11-08 04:29:54","2020TankerNov84"
"16052562350",112.881238333,-23.6316383333,188.9,4.6,"2020-11-08 05:34:52","2020TankerNov84"
"16052562350",112.864025,-23.7064883333,189.8,4.8,"2020-11-08 06:34:53","2020TankerNov84"
"16052562350",112.845241667,-23.7840666667,181.1,5,"2020-11-08 07:34:53","2020TankerNov84"
"16052562350",112.83329,-23.862525,190.6,4.6,"2020-11-08 08:34:53","2020TankerNov84"
"16052562350",112.828306667,-23.9456966667,185.9,4.7,"2020-11-08 09:39:54","2020TankerNov84"
"16052562350",112.811508333,-24.02664,191,4.4,"2020-11-08 10:44:54","2020TankerNov84"
"16052562350",112.797445,-24.1015216667,193.1,4.2,"2020-11-08 11:49:42","2020TankerNov84"
"16052562350",112.784348333,-24.170465,177.5,4.2,"2020-11-08 12:49:54","2020TankerNov84"
"16052562350",112.757111667,-24.3122233333,191.3,11.1,"2020-11-08 13:49:54","2020TankerNov84"
"16052562350",112.718621667,-24.5123066667,181.7,11.7,"2020-11-08 14:54:54","2020TankerNov84"
"16052562350",112.655431667,-24.7048233333,183.5,11,"2020-11-08 15:59:53","2020TankerNov84"
"16052562350",112.636005,-24.9015133333,192.9,11.2,"2020-11-08 17:04:12","2020TankerNov84"
"16052562350",112.609621667,-25.089715,188.2,11.3,"2020-11-08 18:04:53","2020TankerNov84"
"16052562350",112.561293333,-25.3329866667,192.9,11.2,"2020-11-08 19:23:04","2020TankerNov84"
"16052562350",112.522176667,-25.5319833333,191.2,11.4,"2020-11-08 20:26:53","2020TankerNov84"
"16052562350",112.474571667,-25.7783266667,190.1,12.1,"2020-11-08 21:41:54","2020TankerNov84"
"16052562350",112.428181667,-26.0182633333,192.9,12.4,"2020-11-08 22:53:44","2020TankerNov84"
"16052562350",112.386771667,-26.230835,191.3,11.9,"2020-11-08 23:56:13","2020TankerNov84"
"16052562350",112.337885,-26.4817183333,192,12.4,"2020-11-09 01:04:10","2020TankerNov84"
"16052562350",112.370885,-26.634665,159.7,5.8,"2020-11-09 02:26:39","2020TankerNov84"
"16052562350",112.4212,-26.74474,148.4,6.1,"2020-11-09 03:41:00","2020TankerNov84"
"16052562350",112.4556933335,-26.82060583335,160.3,5.65,"2020-11-09 04:32:10","2020TankerNov84"
"16052562350",112.490186667,-26.8964716667,172.2,5.2,"2020-11-09 05:22:10","2020TankerNov84"
"16052562350",112.52918,-26.9816316667,164,4.8,"2020-11-09 06:24:41","2020TankerNov84"
"16052562350",112.561932,-27.052557,158.1,3.7,"2020-11-09 07:25:58","2020TankerNov84"
"16052562350",112.5828035,-27.09926516665,153.1,4.85,"2020-11-09 08:13:50","2020TankerNov84"
"16052562350",112.603675,-27.1459733333,148.1,6,"2020-11-09 08:59:50","2020TankerNov84"
"16052562350",112.64928,-27.245445,163.9,6,"2020-11-09 10:07:40","2020TankerNov84"
"16052562350",112.736045,-27.3517766667,145.4,6,"2020-11-09 11:23:30","2020TankerNov84"
"16052562350",112.806511667,-27.4300866667,122.2,6,"2020-11-09 12:24:29","2020TankerNov84"
"16052562350",112.852734167,-27.53774333335,137.9,7.75,"2020-11-09 13:19:07","2020TankerNov84"
"16052562350",112.898956667,-27.6454,153.6,9.5,"2020-11-09 14:12:07","2020TankerNov84"
"16052562350",112.949745,-27.7993483333,172.1,9.4,"2020-11-09 15:12:59","2020TankerNov84"
"16052562350",112.98858,-27.9650866667,172.6,7.8,"2020-11-09 16:17:30","2020TankerNov84"
"16052562350",113.0383375,-28.0778825,165.5,8.35,"2020-11-09 17:03:49","2020TankerNov84"
"16052562350",113.088095,-28.1906783333,158.4,8.9,"2020-11-09 17:49:49","2020TankerNov84"
"16052562350",113.162498333,-28.36782,154.3,10.2,"2020-11-09 18:59:31","2020TankerNov84"
"16052562350",113.249008333,-28.5513333333,172.2,10.1,"2020-11-09 20:08:49","2020TankerNov84"
"16052562350",113.339215,-28.7448216667,153.2,10.5,"2020-11-09 21:19:21","2020TankerNov84"
"16052562350",113.420606667,-28.9227716667,165.2,11.1,"2020-11-09 22:21:39","2020TankerNov84"
"16052562350",113.533823333,-29.166435,165.5,11,"2020-11-09 23:46:10","2020TankerNov84"
"16052562350",113.635841667,-29.3856866667,155.6,12.8,"2020-11-10 00:55:21","2020TankerNov84"
"16052562350",113.730753333,-29.5909616667,161.6,10.9,"2020-11-10 02:03:50","2020TankerNov84"
"16052562350",113.819888333,-29.7769266667,156.6,11,"2020-11-10 03:11:50","2020TankerNov84"
"16052562350",113.913833333,-29.97711,151.8,10.5,"2020-11-10 04:24:29","2020TankerNov84"
"16052562350",113.995878333,-30.1556166667,148.5,10.2,"2020-11-10 05:32:11","2020TankerNov84"
"16052562350",114.068735,-30.3079283333,138.1,9.7,"2020-11-10 06:35:30","2020TankerNov84"
"16052562350",114.1189675,-30.4148833333,147.5,9.7,"2020-11-10 07:22:00","2020TankerNov84"
"16052562350",114.1692,-30.5218383333,156.9,9.7,"2020-11-10 08:08:00","2020TankerNov84"
"16052562350",114.24115,-30.67468,161.7,9.7,"2020-11-10 09:13:10","2020TankerNov84"
"16052562350",114.324895,-30.85196,172.9,9.4,"2020-11-10 10:24:59","2020TankerNov84"
"16052562350",114.401948333,-31.0192883333,159,9.2,"2020-11-10 11:33:07","2020TankerNov84"
"16052562350",114.476528333,-31.18259,162.6,9.8,"2020-11-10 12:41:10","2020TankerNov84"
"16052562350",114.5566,-31.3453733333,168.5,8.9,"2020-11-10 13:49:08","2020TankerNov84"
"16052562350",114.630128333,-31.4937833333,164.1,9.4,"2020-11-10 14:49:48","2020TankerNov84"
"16052562350",114.702801667,-31.6450466667,164.2,9.9,"2020-11-10 15:49:59","2020TankerNov84"
"16052562350",114.77491,-31.7957616667,152.7,9.3,"2020-11-10 16:49:59","2020TankerNov84"
"16052562350",114.855908333,-31.9674483333,156.5,11.1,"2020-11-10 17:54:58","2020TankerNov84"
"16052562350",114.939916667,-32.1464016667,155.4,10.8,"2020-11-10 18:59:08","2020TankerNov84"
"16052562350",115.053508333,-32.3803133333,150.7,11.1,"2020-11-10 20:22:20","2020TankerNov84"
"16052562350",115.14961,-32.5802133333,160.9,11.4,"2020-11-10 21:32:10","2020TankerNov84"
"16052562350",115.244026667,-32.7741183333,158.7,11.8,"2020-11-10 22:37:28","2020TankerNov84"
"16052562350",115.333461667,-32.9587633333,160.6,11.4,"2020-11-10 23:39:59","2020TankerNov84"
"16052562350",115.475305,-33.129015,137.2,11.6,"2020-11-11 00:44:59","2020TankerNov84"
"16052562350",115.569671667,-33.232915,212.7,1,"2020-11-11 01:44:59","2020TankerNov84"
"16052562350",115.57159,-33.23297,60.7,0.2,"2020-11-11 02:47:13","2020TankerNov84"
"16052562350",115.571555,-33.2334416667,350,0.2,"2020-11-11 03:53:13","2020TankerNov84"
"END",NA,NA,NA,NA,NA,"NA"
"16052562350",115.626928333,-33.2567216667,316,7.5,"2020-11-17 09:34:56","2020TankerNov85"
"16052562350",115.460991667,-33.1144383333,321.4,11.5,"2020-11-17 10:39:56","2020TankerNov85"
"16052562350",115.287788333,-32.9563533333,316.8,12,"2020-11-17 11:44:51","2020TankerNov85"
"16052562350",115.126961667,-32.8085366667,322.9,12.2,"2020-11-17 12:44:51","2020TankerNov85"
"16052562350",114.953243333,-32.6507666667,306.9,11.7,"2020-11-17 13:49:03","2020TankerNov85"
"16052562350",114.797485,-32.514755,324.1,11.7,"2020-11-17 14:49:04","2020TankerNov85"
"16052562350",114.676871667,-32.3304366667,344.6,13.1,"2020-11-17 15:49:55","2020TankerNov85"
"16052562350",114.562513333,-32.1062916667,334.6,13.7,"2020-11-17 16:54:55","2020TankerNov85"
"16052562350",114.429375,-31.8970266667,332.9,12.7,"2020-11-17 17:59:27","2020TankerNov85"
"16052562350",114.283886667,-31.7250316667,323.7,11.9,"2020-11-17 18:59:47","2020TankerNov85"
"16052562350",114.136448333,-31.5569466667,313.4,12.1,"2020-11-17 20:02:27","2020TankerNov85"
"16052562350",113.993746667,-31.347055,326.5,12.5,"2020-11-17 21:14:48","2020TankerNov85"
"16052562350",113.840516667,-31.112345,339.3,12.4,"2020-11-17 22:33:20","2020TankerNov85"
"16052562350",113.707803333,-30.9115266667,344.6,12.9,"2020-11-17 23:40:11","2020TankerNov85"
"16052562350",113.535076667,-30.759155,302.4,12.7,"2020-11-18 00:43:41","2020TankerNov85"
"16052562350",113.308998333,-30.594745,319.4,12.3,"2020-11-18 01:58:32","2020TankerNov85"
"16052562350",113.103718333,-30.4508566667,311.4,12,"2020-11-18 03:06:00","2020TankerNov85"
"16052562350",112.906901667,-30.3077116667,303,12.7,"2020-11-18 04:10:50","2020TankerNov85"
"16052562350",112.640435,-30.1100433333,318.7,13,"2020-11-18 05:37:33","2020TankerNov85"
"16052562350",112.444911667,-29.959975,298.6,13.2,"2020-11-18 06:40:23","2020TankerNov85"
"16052562350",112.248595,-29.8131983333,314.1,13,"2020-11-18 07:41:45","2020TankerNov85"
"16052562350",111.999336667,-29.6253166667,307.6,13.4,"2020-11-18 08:58:38","2020TankerNov85"
"16052562350",111.777306667,-29.4578883333,312.8,11.7,"2020-11-18 10:11:52","2020TankerNov85"
"16052562350",111.557861667,-29.279785,307.9,12.1,"2020-11-18 11:31:32","2020TankerNov85"
"16052562350",111.373683333,-29.1449216667,307.3,11.9,"2020-11-18 12:34:32","2020TankerNov85"
"16052562350",111.189805,-29.0116033333,308.1,12.7,"2020-11-18 13:35:02","2020TankerNov85"
"16052562350",110.916595,-28.8064416667,315,12.8,"2020-11-18 15:03:31","2020TankerNov85"
"16052562350",110.70394,-28.6452066667,309.3,12.6,"2020-11-18 16:13:06","2020TankerNov85"
"16052562350",110.517191667,-28.4845066667,320.3,12.1,"2020-11-18 17:19:07","2020TankerNov85"
"16052562350",110.330083333,-28.2923666667,316.4,13,"2020-11-18 18:31:06","2020TankerNov85"
"16052562350",110.145095,-28.111145,323.4,13.3,"2020-11-18 19:36:35","2020TankerNov85"
"16052562350",109.965896667,-27.9369283333,325,13,"2020-11-18 20:42:18","2020TankerNov85"
"16052562350",109.772881667,-27.7467833333,317.3,12.9,"2020-11-18 21:53:19","2020TankerNov85"
"16052562350",109.544481667,-27.54608,306.8,12.6,"2020-11-18 23:14:49","2020TankerNov85"
"16052562350",109.366678333,-27.35606,325.3,13.4,"2020-11-19 00:22:06","2020TankerNov85"
"16052562350",109.145146667,-27.146355,320.4,14.5,"2020-11-19 01:37:44","2020TankerNov85"
"16052562350",108.952126667,-26.964445,317.5,14.7,"2020-11-19 02:40:08","2020TankerNov85"
"16052562350",108.73945,-26.7711583333,318.4,14.8,"2020-11-19 03:46:20","2020TankerNov85"
"16052562350",108.545205,-26.578625,318.9,14.7,"2020-11-19 04:49:56","2020TankerNov85"
"16052562350",108.4027783335,-26.43138666665,321.75,14.35,"2020-11-19 05:38:34","2020TankerNov85"
"16052562350",108.260351667,-26.2841483333,324.6,14,"2020-11-19 06:26:34","2020TankerNov85"
"16052562350",108.071576667,-26.0882016667,320.4,14.1,"2020-11-19 07:32:26","2020TankerNov85"
"16052562350",107.85933,-25.88657,319.1,13.7,"2020-11-19 08:44:01","2020TankerNov85"
"16052562350",107.673291667,-25.7016066667,323.8,13.7,"2020-11-19 09:49:41","2020TankerNov85"
"16052562350",107.475698333,-25.4956233333,316,13.4,"2020-11-19 11:02:25","2020TankerNov85"
"16052562350",107.261471667,-25.30916,311.2,12.9,"2020-11-19 12:14:51","2020TankerNov85"
"16052562350",107.05547,-25.1101383333,315.7,13.8,"2020-11-19 13:27:51","2020TankerNov85"
"16052562350",106.89077,-24.9421183333,307.1,13.6,"2020-11-19 14:27:54","2020TankerNov85"
"16052562350",106.7117,-24.76056,308.9,13.4,"2020-11-19 15:34:53","2020TankerNov85"
"16052562350",106.545,-24.60407,311.8,12.8,"2020-11-19 16:34:55","2020TankerNov85"
"16052562350",106.393921667,-24.4356933333,318.4,12.9,"2020-11-19 17:35:33","2020TankerNov85"
"16052562350",106.213686667,-24.26199,315.4,13,"2020-11-19 18:42:24","2020TankerNov85"
"16052562350",106.006971667,-24.0553033333,320.2,13.3,"2020-11-19 19:59:21","2020TankerNov85"
"16052562350",105.839208333,-23.887995,319.1,13.3,"2020-11-19 20:59:24","2020TankerNov85"
"16052562350",105.672673333,-23.719355,324.4,13.3,"2020-11-19 22:02:08","2020TankerNov85"
"16052562350",105.50598,-23.5548616667,316.1,13.2,"2020-11-19 23:02:56","2020TankerNov85"
"16052562350",105.32867,-23.3809633333,314.4,13,"2020-11-20 00:08:28","2020TankerNov85"
"END",NA,NA,NA,NA,NA,"NA"
"16068437586",115.976236667,-35.1805966667,297.2,9.9,"2020-11-16 00:04:59","2020TankerNov86"
"16068437586",115.781143333,-35.1104916667,280.9,9.5,"2020-11-16 01:09:58","2020TankerNov86"
"16068437586",115.57578,-35.05021,277.7,10.2,"2020-11-16 02:14:56","2020TankerNov86"
"16068437586",115.383346667,-34.9965033333,291.6,9.9,"2020-11-16 03:14:56","2020TankerNov86"
"16068437586",115.18827,-34.9663866667,279.9,10.3,"2020-11-16 04:14:56","2020TankerNov86"
"16068437586",114.982603333,-34.926815,280.05,9.7,"2020-11-16 05:19:56","2020TankerNov86"
"16068437586",114.786678333,-34.8935166667,280.2,9.1,"2020-11-16 06:24:56","2020TankerNov86"
"16068437586",114.592381667,-34.8654616667,280.3,8.3,"2020-11-16 07:29:56","2020TankerNov86"
"16068437586",114.533805,-34.7326383333,355.9,10.6,"2020-11-16 08:34:56","2020TankerNov86"
"16068437586",114.553506667,-34.568415,3.3,9.7,"2020-11-16 09:34:56","2020TankerNov86"
"16068437586",114.578211667,-34.3868983333,358.6,10.8,"2020-11-16 10:39:57","2020TankerNov86"
"16068437586",114.596201667,-34.1921416667,2.9,11.6,"2020-11-16 11:44:57","2020TankerNov86"
"16068437586",114.601726667,-33.9883366667,178.8,11.6,"2020-11-16 12:49:56","2020TankerNov86"
"16068437586",114.596628333,-33.796095,354.7,11.6,"2020-11-16 13:49:57","2020TankerNov86"
"16068437586",114.58536,-33.58255,345.3,12,"2020-11-16 14:54:56","2020TankerNov86"
"16068437586",114.545625,-33.3762183333,348.7,11.4,"2020-11-16 15:59:55","2020TankerNov86"
"16068437586",114.516788333,-33.1887616667,0.4,11.2,"2020-11-16 16:59:57","2020TankerNov86"
"16068437586",114.505381667,-32.9887816667,0,10.7,"2020-11-16 18:04:57","2020TankerNov86"
"16068437586",114.502175,-32.7984533333,2.7,10.9,"2020-11-16 19:07:16","2020TankerNov86"
"16068437586",114.504651667,-32.59797,2.7,12.3,"2020-11-16 20:09:27","2020TankerNov86"
"16068437586",114.52236,-32.389305,5.1,12.8,"2020-11-16 21:09:55","2020TankerNov86"
"16068437586",114.54446,-32.169305,6.4,13.3,"2020-11-16 22:09:56","2020TankerNov86"
"16068437586",114.542946667,-31.9464316667,357.3,13.2,"2020-11-16 23:09:56","2020TankerNov86"
"16068437586",114.505145,-31.7285733333,337.7,11.4,"2020-11-17 00:13:55","2020TankerNov86"
"16068437586",114.426728333,-31.555575,352.2,10.5,"2020-11-17 01:14:55","2020TankerNov86"
"16068437586",114.353798333,-31.392455,335.4,10.6,"2020-11-17 02:14:56","2020TankerNov86"
"16068437586",114.277301667,-31.1854583333,340.9,10.9,"2020-11-17 03:28:47","2020TankerNov86"
"16068437586",114.220716667,-31.0073366667,341.8,11.2,"2020-11-17 04:29:25","2020TankerNov86"
"16068437586",114.16839,-30.826605,341.8,11,"2020-11-17 05:29:55","2020TankerNov86"
"16068437586",114.131566667,-30.6366366667,347.7,11.1,"2020-11-17 06:32:17","2020TankerNov86"
"16068437586",114.095173333,-30.4202283333,347.6,11.4,"2020-11-17 07:41:58","2020TankerNov86"
"16068437586",114.038283333,-30.2103716667,343.6,11.1,"2020-11-17 08:50:28","2020TankerNov86"
"16068437586",113.94495,-30.0237183333,323.5,10.9,"2020-11-17 09:57:26","2020TankerNov86"
"16068437586",113.840416667,-29.862605,330.3,10.9,"2020-11-17 10:58:17","2020TankerNov86"
"16068437586",113.710668333,-29.6799833333,329.7,11.6,"2020-11-17 12:08:15","2020TankerNov86"
"16068437586",113.617385,-29.5073283333,330.9,11.7,"2020-11-17 13:08:47","2020TankerNov86"
"16068437586",113.52812,-29.3195333333,329.7,12.3,"2020-11-17 14:11:08","2020TankerNov86"
"16068437586",113.43808,-29.1188166667,331.1,12,"2020-11-17 15:16:57","2020TankerNov86"
"16068437586",113.34425,-28.9310416667,336.7,12,"2020-11-17 16:18:53","2020TankerNov86"
"16068437586",113.220595,-28.6745816667,339.4,12.6,"2020-11-17 17:41:38","2020TankerNov86"
"16068437586",113.122171667,-28.4530183333,338,11.5,"2020-11-17 18:52:16","2020TankerNov86"
"16068437586",113.02679,-28.2537366667,333.9,11.4,"2020-11-17 20:00:07","2020TankerNov86"
"16068437586",112.921606667,-28.0660633333,337.1,10.9,"2020-11-17 21:07:28","2020TankerNov86"
"16068437586",112.801743333,-27.8789666667,333.6,10.8,"2020-11-17 22:19:25","2020TankerNov86"
"16068437586",112.674013333,-27.6953033333,326,10.7,"2020-11-17 23:32:37","2020TankerNov86"
"16068437586",112.566348333,-27.49118,329.4,11.4,"2020-11-18 00:48:18","2020TankerNov86"
"16068437586",112.486706667,-27.29984,341.2,11.2,"2020-11-18 01:54:05","2020TankerNov86"
"16068437586",112.404073333,-27.08296,339.4,10.5,"2020-11-18 03:09:15","2020TankerNov86"
"16068437586",112.343833333,-26.908,343.9,10.3,"2020-11-18 04:10:36","2020TankerNov86"
"16068437586",112.278318333,-26.73433,344.2,10,"2020-11-18 05:14:57","2020TankerNov86"
"16068437586",112.21891,-26.5723166667,346.8,10.7,"2020-11-18 06:14:57","2020TankerNov86"
"16068437586",112.159786667,-26.3732133333,353.7,11.8,"2020-11-18 07:19:57","2020TankerNov86"
"16068437586",112.099313333,-26.171625,343.3,11.3,"2020-11-18 08:24:55","2020TankerNov86"
"16068437586",112.046621667,-25.9893116667,353.2,11.8,"2020-11-18 09:24:57","2020TankerNov86"
"16068437586",111.9966,-25.7974733333,344.8,11.6,"2020-11-18 10:24:57","2020TankerNov86"
"16068437586",111.94956,-25.600715,344.9,12,"2020-11-18 11:24:58","2020TankerNov86"
"16068437586",111.88958,-25.3865016667,341.3,12.3,"2020-11-18 12:29:57","2020TankerNov86"
"16068437586",111.800656667,-25.1783133333,339.6,12.1,"2020-11-18 13:34:56","2020TankerNov86"
"16068437586",111.712213333,-24.9901733333,335.4,12.2,"2020-11-18 14:34:56","2020TankerNov86"
"16068437586",111.618258333,-24.7893733333,335.3,12,"2020-11-18 15:39:55","2020TankerNov86"
"16068437586",111.555185,-24.6016283333,358.6,11.4,"2020-11-18 16:39:56","2020TankerNov86"
"16068437586",111.484683333,-24.410685,344.5,12.5,"2020-11-18 17:39:57","2020TankerNov86"
"16068437586",111.405693333,-24.1941283333,337.9,12.8,"2020-11-18 18:44:55","2020TankerNov86"
"16068437586",111.318028333,-23.9788166667,340,12.6,"2020-11-18 19:49:58","2020TankerNov86"
"16068437586",111.224271667,-23.764005,335.9,13.2,"2020-11-18 20:54:48","2020TankerNov86"
"16068437586",111.136195,-23.5446716667,342.3,13.2,"2020-11-18 21:59:47","2020TankerNov86"
"16068437586",111.0862508335,-23.3897066667,342.1,12.9,"2020-11-18 22:44:57","2020TankerNov86"
"16068437586",111.036306667,-23.2347416667,341.9,12.6,"2020-11-18 23:29:57","2020TankerNov86"
"16068437586",110.963795,-23.000325,340.9,12.3,"2020-11-19 00:39:57","2020TankerNov86"
"16068437586",110.879818333,-22.7939016667,340,12,"2020-11-19 01:44:46","2020TankerNov86"
"16068437586",110.79503,-22.6060016667,333,12.2,"2020-11-19 02:44:56","2020TankerNov86"
"16068437586",110.708133333,-22.4222666667,335.6,11.7,"2020-11-19 03:44:56","2020TankerNov86"
"16068437586",110.621283333,-22.2434666667,337.2,11.9,"2020-11-19 04:44:56","2020TankerNov86"
"16068437586",110.527973333,-22.0488433333,338.9,11.6,"2020-11-19 05:49:57","2020TankerNov86"
"16068437586",110.441061667,-21.8661666667,335,12,"2020-11-19 06:49:57","2020TankerNov86"
"16068437586",110.350268333,-21.6579616667,339.1,12.6,"2020-11-19 07:54:56","2020TankerNov86"
"16068437586",110.268633333,-21.4585566667,340.2,12.9,"2020-11-19 08:54:56","2020TankerNov86"
"16068437586",110.18295,-21.2575916667,337.6,12.5,"2020-11-19 09:54:57","2020TankerNov86"
"16068437586",110.096918333,-21.0360033333,341.9,13.1,"2020-11-19 10:59:52","2020TankerNov86"
"16068437586",110.025686667,-20.8231583333,341.1,13.4,"2020-11-19 11:59:58","2020TankerNov86"
"16068437586",109.948805,-20.61518,339.6,12.9,"2020-11-19 12:59:58","2020TankerNov86"
"16068437586",109.867296667,-20.3952,340.4,12.8,"2020-11-19 14:04:56","2020TankerNov86"
"16068437586",109.79257,-20.1905833333,339.3,12.7,"2020-11-19 15:04:57","2020TankerNov86"
"16068437586",109.710978333,-19.988955,339.3,12.9,"2020-11-19 16:04:58","2020TankerNov86"
"16068437586",109.615151667,-19.7774633333,342.6,12.3,"2020-11-19 17:09:58","2020TankerNov86"
"16068437586",109.518823333,-19.5721233333,334.8,12.7,"2020-11-19 18:14:56","2020TankerNov86"
"16068437586",109.429973333,-19.3816016667,335.1,12.4,"2020-11-19 19:14:57","2020TankerNov86"
"16068437586",109.343308333,-19.18939,336,12.8,"2020-11-19 20:14:58","2020TankerNov86"
"16068437586",109.252805,-18.9728383333,337.5,13.1,"2020-11-19 21:19:37","2020TankerNov86"
"16068437586",109.167503333,-18.7711966667,341.3,12.6,"2020-11-19 22:19:57","2020TankerNov86"
"16068437586",109.085485,-18.5514216667,342.2,12.9,"2020-11-19 23:24:58","2020TankerNov86"
"16068437586",109.007245,-18.3355116667,340.9,12.4,"2020-11-20 00:29:57","2020TankerNov86"
"16068437586",108.928096667,-18.129985,339.3,12.2,"2020-11-20 01:33:36","2020TankerNov86"
"16068437586",108.847856667,-17.918965,339.3,12.7,"2020-11-20 02:38:07","2020TankerNov86"
"16068437586",108.77114,-17.7133133333,337.5,13.1,"2020-11-20 03:39:37","2020TankerNov86"
"16068437586",108.689066667,-17.4940916667,340.8,13,"2020-11-20 04:44:37","2020TankerNov86"
"16068437586",108.609278333,-17.278345,338.5,13.1,"2020-11-20 05:47:26","2020TankerNov86"
"16068437586",108.525971667,-17.0685016667,337.5,13,"2020-11-20 06:49:58","2020TankerNov86"
"16068437586",108.450606667,-16.860485,340.5,13.4,"2020-11-20 07:49:58","2020TankerNov86"
"16068437586",108.356435,-16.5815816667,343.25,13.65,"2020-11-20 09:07:46","2020TankerNov86"
"16068437586",108.289501667,-16.3555366667,346,13.9,"2020-11-20 10:09:55","2020TankerNov86"
"16068437586",108.238085,-16.19027833335,344.8,13.55,"2020-11-20 10:56:27","2020TankerNov86"
"16068437586",108.186668333,-16.02502,343.6,13.2,"2020-11-20 11:41:27","2020TankerNov86"
"16068437586",108.112766667,-15.8029966667,341.6,13.1,"2020-11-20 12:44:58","2020TankerNov86"
"16068437586",108.035936667,-15.5772366667,342.1,13.3,"2020-11-20 13:49:48","2020TankerNov86"
"16068437586",107.961095,-15.36273,338.3,13.5,"2020-11-20 14:49:57","2020TankerNov86"
"END",NA,NA,NA,NA,NA,"NA"
"16096890560",115.845966667,-19.20075,234,12.3,"2020-11-14 15:04:58","2020TankerNov87"
"16096890560",115.657933333,-19.3414333333,229,12.4,"2020-11-14 16:09:47","2020TankerNov87"
"16096890560",115.48925,-19.4678666667,230,11.9,"2020-11-14 17:09:58","2020TankerNov87"
"16096890560",115.3136,-19.59645,232,11.5,"2020-11-14 18:14:57","2020TankerNov87"
"16096890560",115.154766667,-19.7121833333,231,11.2,"2020-11-14 19:14:57","2020TankerNov87"
"16096890560",115.006416667,-19.83455,225,11.1,"2020-11-14 20:14:58","2020TankerNov87"
"16096890560",114.874,-19.9610833333,225,10.5,"2020-11-14 21:14:58","2020TankerNov87"
"16096890560",114.743716667,-20.1050333333,221,10.5,"2020-11-14 22:19:47","2020TankerNov87"
"16096890560",114.6188,-20.232,221,10.1,"2020-11-14 23:19:57","2020TankerNov87"
"16096890560",114.484383333,-20.36445,224,10.5,"2020-11-15 00:24:27","2020TankerNov87"
"16096890560",114.350083333,-20.4982833333,224,11.5,"2020-11-15 01:24:56","2020TankerNov87"
"16096890560",114.2152,-20.63485,220,11.2,"2020-11-15 02:24:56","2020TankerNov87"
"16096890560",114.06845,-20.7898833333,218,11.2,"2020-11-15 03:29:58","2020TankerNov87"
"16096890560",113.916983333,-20.9408666667,223,11.6,"2020-11-15 04:34:56","2020TankerNov87"
"16096890560",113.763483333,-21.09685,223,12,"2020-11-15 05:39:57","2020TankerNov87"
"16096890560",113.6041,-21.2574166667,223,12.1,"2020-11-15 06:44:57","2020TankerNov87"
"16096890560",113.465366667,-21.4054833333,186,11.6,"2020-11-15 07:44:57","2020TankerNov87"
"16096890560",113.428883333,-21.6176666667,190,11.5,"2020-11-15 08:49:57","2020TankerNov87"
"16096890560",113.393233333,-21.8043,189,10.8,"2020-11-15 09:49:58","2020TankerNov87"
"16096890560",113.353233333,-21.9900666667,188,10.8,"2020-11-15 10:49:58","2020TankerNov87"
"16096890560",113.32075,-22.1934833333,189,11.2,"2020-11-15 11:54:56","2020TankerNov87"
"16096890560",113.282183333,-22.3952666667,191,11,"2020-11-15 12:59:56","2020TankerNov87"
"16096890560",113.25005,-22.57105,187,9.9,"2020-11-15 13:59:56","2020TankerNov87"
"16096890560",113.2184,-22.73805,188,9.9,"2020-11-15 14:59:56","2020TankerNov87"
"16096890560",113.1893,-22.8997,188,9.3,"2020-11-15 15:59:56","2020TankerNov87"
"16096890560",113.164266667,-23.0613166667,186,9.9,"2020-11-15 16:59:57","2020TankerNov87"
"16096890560",113.130733333,-23.2379166667,194,9.5,"2020-11-15 18:04:57","2020TankerNov87"
"16096890560",113.093883333,-23.4097333333,187,9.9,"2020-11-15 19:09:47","2020TankerNov87"
"16096890560",113.064116667,-23.5738166667,186,9.9,"2020-11-15 20:09:47","2020TankerNov87"
"16096890560",113.036016667,-23.7374666667,188,10.1,"2020-11-15 21:09:57","2020TankerNov87"
"16096890560",113.002833333,-23.9016833333,189,10.1,"2020-11-15 22:09:57","2020TankerNov87"
"16096890560",112.969583333,-24.0859333333,191,10.2,"2020-11-15 23:14:56","2020TankerNov87"
"16096890560",112.935983333,-24.2611166667,193,11.2,"2020-11-16 00:14:56","2020TankerNov87"
"16096890560",112.894733333,-24.4885166667,190,11.1,"2020-11-16 01:27:47","2020TankerNov87"
"16096890560",112.85925,-24.67905,187,11.2,"2020-11-16 02:29:56","2020TankerNov87"
"16096890560",112.8273,-24.8642833333,187,11.4,"2020-11-16 03:29:56","2020TankerNov87"
"16096890560",112.79185,-25.0536833333,191,11.5,"2020-11-16 04:29:57","2020TankerNov87"
"16096890560",112.75385,-25.2465166667,188,11.4,"2020-11-16 05:29:57","2020TankerNov87"
"16096890560",112.720666667,-25.4566666667,189,11.4,"2020-11-16 06:34:56","2020TankerNov87"
"16096890560",112.740333333,-25.66865,173,11.3,"2020-11-16 07:39:57","2020TankerNov87"
"16096890560",112.764183333,-25.8649833333,175,10.6,"2020-11-16 08:44:47","2020TankerNov87"
"16096890560",112.790816667,-26.0583,170,10.7,"2020-11-16 09:49:57","2020TankerNov87"
"16096890560",112.817416667,-26.2545166667,176,11,"2020-11-16 10:54:57","2020TankerNov87"
"16096890560",112.839433333,-26.45855,173,11.3,"2020-11-16 12:00:46","2020TankerNov87"
"16096890560",112.868966667,-26.6674666667,170,11.7,"2020-11-16 13:05:57","2020TankerNov87"
"16096890560",112.905083333,-26.9472666667,174,11.1,"2020-11-16 14:33:28","2020TankerNov87"
"16096890560",112.930533333,-27.1507333333,172,10.8,"2020-11-16 15:39:16","2020TankerNov87"
"16096890560",112.967866667,-27.4014333333,172,11.6,"2020-11-16 16:57:27","2020TankerNov87"
"16096890560",113.024116667,-27.6116333333,163,11.3,"2020-11-16 18:04:17","2020TankerNov87"
"16096890560",113.101966667,-27.8177166667,161,11.4,"2020-11-16 19:13:16","2020TankerNov87"
"16096890560",113.193633333,-28.0461,161,11.7,"2020-11-16 20:28:47","2020TankerNov87"
"16096890560",113.268833333,-28.2311,159,11.6,"2020-11-16 21:30:18","2020TankerNov87"
"16096890560",113.373683333,-28.4922,163,12.4,"2020-11-16 22:54:08","2020TankerNov87"
"16096890560",113.4775,-28.7567333333,158,13.2,"2020-11-17 00:12:47","2020TankerNov87"
"16096890560",113.572,-28.9970333333,152,13.2,"2020-11-17 01:21:56","2020TankerNov87"
"16096890560",113.774583333,-29.1258166667,102,13.2,"2020-11-17 02:24:49","2020TankerNov87"
"16096890560",114.012333333,-29.1578666667,90,12,"2020-11-17 03:25:09","2020TankerNov87"
"16096890560",114.239916667,-29.07255,41,13,"2020-11-17 04:33:10","2020TankerNov87"
"16096890560",114.4468,-28.8346166667,39,11,"2020-11-17 05:58:02","2020TankerNov87"
"16096890560",114.519,-28.7901,60,0.7,"2020-11-17 07:08:10","2020TankerNov87"
"16096890560",114.519533333,-28.79025,176.5,0.5,"2020-11-17 08:29:06","2020TankerNov87"
"16096890560",114.519366667,-28.7901166667,293,0.3,"2020-11-17 09:29:09","2020TankerNov87"
"16096890560",114.519375,-28.79010833335,227.333333333333,0.233333333333333,"2020-11-17 10:19:10","2020TankerNov87"
"16096890560",114.519383333,-28.7901,161.666666666667,0.166666666666667,"2020-11-17 11:08:10","2020TankerNov87"
"16096890560",114.519083333,-28.7899833333,96,0.1,"2020-11-17 12:29:08","2020TankerNov87"
"16096890560",114.5197,-28.7900166667,62,0.2,"2020-11-17 13:38:09","2020TankerNov87"
"END",NA,NA,NA,NA,NA,"NA"
"16096890560",114.599883333,-28.77315,43,3.3,"2020-11-21 00:17:18","2020TankerNov88"
"16096890560",114.434083333,-28.85085,211,11.7,"2020-11-21 01:38:57","2020TankerNov88"
"16096890560",114.290616667,-29.0384333333,214,11.6,"2020-11-21 02:47:47","2020TankerNov88"
"16096890560",114.114533333,-29.1598666667,275,12.5,"2020-11-21 03:53:57","2020TankerNov88"
"16096890560",113.8362,-29.1278,299,11.6,"2020-11-21 05:07:47","2020TankerNov88"
"16096890560",113.62455,-29.0142333333,340,11.1,"2020-11-21 06:18:37","2020TankerNov88"
"16096890560",113.518716667,-28.82625,329,12.8,"2020-11-21 07:21:17","2020TankerNov88"
"16096890560",113.430266667,-28.6133333333,344,11.8,"2020-11-21 08:29:19","2020TankerNov88"
"16096890560",113.326916667,-28.36315,337,12.2,"2020-11-21 09:48:58","2020TankerNov88"
"16096890560",113.225933333,-28.1500333333,334,13.1,"2020-11-21 10:54:57","2020TankerNov88"
"16096890560",113.143083333,-27.9400666667,342,13.4,"2020-11-21 11:54:57","2020TankerNov88"
"16096890560",113.063583333,-27.7200333333,341,12.4,"2020-11-21 12:59:46","2020TankerNov88"
"16096890560",112.98665,-27.5237666667,340,11.9,"2020-11-21 13:59:57","2020TankerNov88"
"16096890560",112.950433333,-27.3122833333,352,11.9,"2020-11-21 15:04:57","2020TankerNov88"
"16096890560",112.923066667,-27.08795,351,11.2,"2020-11-21 16:14:17","2020TankerNov88"
"16096890560",112.891766667,-26.8924166667,350,11.9,"2020-11-21 17:14:57","2020TankerNov88"
"16096890560",112.864683333,-26.6817666667,358,11.7,"2020-11-21 18:19:56","2020TankerNov88"
"16096890560",112.839583333,-26.4776333333,352,12,"2020-11-21 19:21:27","2020TankerNov88"
"16096890560",112.803333333,-26.2660833333,355,12.3,"2020-11-21 20:24:26","2020TankerNov88"
"16096890560",112.779733333,-26.0595833333,351,12.1,"2020-11-21 21:24:56","2020TankerNov88"
"16096890560",112.75805,-25.854,358,12.4,"2020-11-21 22:24:57","2020TankerNov88"
"16096890560",112.728783333,-25.6288666667,352,12.7,"2020-11-21 23:29:37","2020TankerNov88"
"16096890560",112.7138,-25.4066,11,12.4,"2020-11-22 00:34:36","2020TankerNov88"
"16096890560",112.757716667,-25.1932,8,11.4,"2020-11-22 01:34:54","2020TankerNov88"
"16096890560",112.7906,-25.0079666667,11,11.5,"2020-11-22 02:34:54","2020TankerNov88"
"16096890560",112.835483333,-24.8149166667,11,11.9,"2020-11-22 03:34:54","2020TankerNov88"
"16096890560",112.878283333,-24.6025833333,11,11.4,"2020-11-22 04:39:53","2020TankerNov88"
"16096890560",112.914166667,-24.3936666667,7,12.3,"2020-11-22 05:39:55","2020TankerNov88"
"16096890560",112.95635,-24.1736833333,13,12.1,"2020-11-22 06:44:53","2020TankerNov88"
"16096890560",112.994133333,-23.9710333333,7,12.2,"2020-11-22 07:44:54","2020TankerNov88"
"16096890560",113.031483333,-23.7520833333,8,12.1,"2020-11-22 08:49:54","2020TankerNov88"
"16096890560",113.069283333,-23.55675,9,11.9,"2020-11-22 09:49:54","2020TankerNov88"
"16096890560",113.109166667,-23.3589666667,12,11.6,"2020-11-22 10:49:54","2020TankerNov88"
"16096890560",113.151283333,-23.1616833333,10,12.5,"2020-11-22 11:49:55","2020TankerNov88"
"16096890560",113.202383333,-22.9363166667,16,12.8,"2020-11-22 12:54:54","2020TankerNov88"
"16096890560",113.22445,-22.7310666667,4,12.6,"2020-11-22 13:54:54","2020TankerNov88"
"16096890560",113.264716667,-22.5220666667,8,13.4,"2020-11-22 14:54:54","2020TankerNov88"
"16096890560",113.302816667,-22.3086166667,8,12.8,"2020-11-22 15:54:55","2020TankerNov88"
"16096890560",113.343133333,-22.0893666667,11,13.6,"2020-11-22 16:54:58","2020TankerNov88"
"16096890560",113.3901,-21.8442666667,11,13.5,"2020-11-22 17:59:53","2020TankerNov88"
"16096890560",113.440733333,-21.6213833333,17,13.5,"2020-11-22 18:59:54","2020TankerNov88"
"16096890560",113.481683333,-21.3817833333,5,13.6,"2020-11-22 20:04:53","2020TankerNov88"
"16096890560",113.5173,-21.1551,8,13.5,"2020-11-22 21:04:58","2020TankerNov88"
"16096890560",113.560233333,-20.9126333333,11,13.7,"2020-11-22 22:09:56","2020TankerNov88"
"16096890560",113.601066667,-20.6852333333,8,14,"2020-11-22 23:09:57","2020TankerNov88"
"16096890560",113.644116667,-20.45455,12,14.1,"2020-11-23 00:09:57","2020TankerNov88"
"16096890560",113.7046,-20.20255,15,14.7,"2020-11-23 01:14:54","2020TankerNov88"
"16096890560",113.748016667,-19.9982333333,6,12,"2020-11-23 02:14:59","2020TankerNov88"
"16096890560",113.768816667,-19.8032833333,8,11.8,"2020-11-23 03:14:59","2020TankerNov88"
"16096890560",113.80695,-19.5923,8,12.7,"2020-11-23 04:19:57","2020TankerNov88"
"16096890560",113.8428,-19.3777166667,10,12.9,"2020-11-23 05:19:58","2020TankerNov88"
"16096890560",113.885733333,-19.1457166667,9,12.8,"2020-11-23 06:24:59","2020TankerNov88"
"16096890560",113.9277,-18.9163166667,11,12.4,"2020-11-23 07:29:57","2020TankerNov88"
"16096890560",113.963916667,-18.7063333333,8,12.8,"2020-11-23 08:29:58","2020TankerNov88"
"16096890560",113.99545,-18.4929833333,7,13.1,"2020-11-23 09:29:58","2020TankerNov88"
"16096890560",114.0287,-18.27505,8,12.7,"2020-11-23 10:29:59","2020TankerNov88"
"16096890560",114.067166667,-18.0597666667,8,13.1,"2020-11-23 11:29:59","2020TankerNov88"
"16096890560",114.111533333,-17.8425333333,13,13.2,"2020-11-23 12:29:59","2020TankerNov88"
"16096890560",114.163966667,-17.60605,9,13.6,"2020-11-23 13:34:58","2020TankerNov88"
"16096890560",114.210166667,-17.3576833333,12,13.9,"2020-11-23 14:39:56","2020TankerNov88"
"16096890560",114.2536,-17.1208333333,10,14.5,"2020-11-23 15:39:56","2020TankerNov88"
"16096890560",114.301516667,-16.8737333333,9,14.8,"2020-11-23 16:39:57","2020TankerNov88"
"16096890560",114.350633333,-16.61535,11,14.3,"2020-11-23 17:44:56","2020TankerNov88"
"16096890560",114.40545,-16.3545,15,14.7,"2020-11-23 18:49:56","2020TankerNov88"
"16096890560",114.44195,-16.10135,3,15.4,"2020-11-23 19:49:56","2020TankerNov88"
"16096890560",114.4827,-15.83015,9,15,"2020-11-23 20:53:26","2020TankerNov88"
"16096890560",114.525783333,-15.5764166667,10,15.2,"2020-11-23 21:54:44","2020TankerNov88"
"16096890560",114.573333333,-15.3082166667,9,15.1,"2020-11-23 22:59:57","2020TankerNov88"
"END",NA,NA,NA,NA,NA,"NA"
"17326367293",105.076806667,-22.2730216667,133,12.8,"2020-11-16 07:09:43","2020TankerNov89"
"17326367293",105.234785,-22.4208183333,135.4,12.3,"2020-11-16 08:09:54","2020TankerNov89"
"17326367293",105.387136667,-22.577165,139.4,13.1,"2020-11-16 09:09:54","2020TankerNov89"
"17326367293",105.55152,-22.7391316667,135.9,13.5,"2020-11-16 10:09:54","2020TankerNov89"
"17326367293",105.73524,-22.9117816667,135.2,13.5,"2020-11-16 11:14:55","2020TankerNov89"
"17326367293",105.911735,-23.08209,134.7,12.8,"2020-11-16 12:19:44","2020TankerNov89"
"17326367293",106.071566667,-23.2345716667,135.7,12.8,"2020-11-16 13:19:53","2020TankerNov89"
"17326367293",106.247193333,-23.4020633333,134.6,12.9,"2020-11-16 14:24:53","2020TankerNov89"
"17326367293",106.41593,-23.55756,135.3,13.1,"2020-11-16 15:24:54","2020TankerNov89"
"17326367293",106.583021667,-23.712335,135.4,13.1,"2020-11-16 16:24:54","2020TankerNov89"
"17326367293",106.755691667,-23.8695683333,135,13.2,"2020-11-16 17:26:23","2020TankerNov89"
"17326367293",106.932368333,-24.0422783333,135.6,13.2,"2020-11-16 18:29:53","2020TankerNov89"
"17326367293",107.099181667,-24.2002016667,135.3,13.4,"2020-11-16 19:29:53","2020TankerNov89"
"17326367293",107.26819,-24.3612766667,130.1,13.2,"2020-11-16 20:29:59","2020TankerNov89"
"17326367293",107.43642,-24.5131866667,134.2,12.8,"2020-11-16 21:30:34","2020TankerNov89"
"17326367293",107.612326667,-24.6789966667,133.4,13,"2020-11-16 22:34:59","2020TankerNov89"
"17326367293",107.79124,-24.8439616667,137.3,12.8,"2020-11-16 23:39:44","2020TankerNov89"
"17326367293",107.95685,-24.9966233333,136,12.8,"2020-11-17 00:39:54","2020TankerNov89"
"17326367293",108.135936667,-25.163315,135.9,13,"2020-11-17 01:44:33","2020TankerNov89"
"17326367293",108.30639,-25.31881,135.3,13.1,"2020-11-17 02:44:53","2020TankerNov89"
"17326367293",108.47768,-25.4834616667,136.3,12.2,"2020-11-17 03:49:53","2020TankerNov89"
"17326367293",108.631986667,-25.6344183333,140.8,12.7,"2020-11-17 04:49:54","2020TankerNov89"
"17326367293",108.80704,-25.7934266667,134.1,13.5,"2020-11-17 05:50:58","2020TankerNov89"
"17326367293",108.984613333,-25.9568683333,135.1,13.1,"2020-11-17 06:52:24","2020TankerNov89"
"17326367293",109.132233333,-26.09259166665,135.8,12.9,"2020-11-17 07:45:53","2020TankerNov89"
"17326367293",109.279853333,-26.228315,136.5,12.7,"2020-11-17 08:37:53","2020TankerNov89"
"17326367293",109.474701667,-26.4078566667,134.3,12.8,"2020-11-17 09:47:52","2020TankerNov89"
"17326367293",109.668665,-26.5814066667,135.9,13.3,"2020-11-17 10:54:52","2020TankerNov89"
"17326367293",109.844441667,-26.7414383333,135.4,13.6,"2020-11-17 11:54:54","2020TankerNov89"
"17326367293",110.013181667,-26.90148,134.2,13,"2020-11-17 12:54:55","2020TankerNov89"
"17326367293",110.198855,-27.0688033333,138,12.9,"2020-11-17 13:59:53","2020TankerNov89"
"17326367293",110.352576667,-27.2258116667,138.5,12.4,"2020-11-17 14:59:53","2020TankerNov89"
"17326367293",110.517368333,-27.38589,136.5,12.4,"2020-11-17 16:02:54","2020TankerNov89"
"17326367293",110.691343333,-27.558915,139.3,12.6,"2020-11-17 17:09:53","2020TankerNov89"
"17326367293",110.850765,-27.71585,135.9,12.4,"2020-11-17 18:10:24","2020TankerNov89"
"17326367293",111.063583333,-27.9108283333,134.1,12.6,"2020-11-17 19:27:55","2020TankerNov89"
"17326367293",111.228066667,-28.0672166667,140.6,12.3,"2020-11-17 20:29:59","2020TankerNov89"
"17326367293",111.413398333,-28.25295,136.3,12.5,"2020-11-17 21:42:16","2020TankerNov89"
"17326367293",111.614928333,-28.4572033333,138.4,12.6,"2020-11-17 22:59:24","2020TankerNov89"
"17326367293",111.806425,-28.6362366667,133.2,12.2,"2020-11-18 00:10:24","2020TankerNov89"
"17326367293",111.980206667,-28.801255,139,12.8,"2020-11-18 01:15:07","2020TankerNov89"
"17326367293",112.1102733335,-28.92067416665,137.05,13,"2020-11-18 02:00:44","2020TankerNov89"
"17326367293",112.24034,-29.0400933333,135.1,13.2,"2020-11-18 02:45:44","2020TankerNov89"
"17326367293",112.447008333,-29.2378333333,136.8,13.9,"2020-11-18 03:57:19","2020TankerNov89"
"17326367293",112.626003333,-29.4234283333,142.8,13.3,"2020-11-18 05:01:47","2020TankerNov89"
"17326367293",112.825413333,-29.620165,135.6,13.4,"2020-11-18 06:12:25","2020TankerNov89"
"17326367293",113.018448333,-29.822495,150.4,13.4,"2020-11-18 07:23:32","2020TankerNov89"
"17326367293",113.224571667,-29.99855,132.8,12.6,"2020-11-18 08:31:55","2020TankerNov89"
"17326367293",113.39851,-30.1572283333,139.9,12.5,"2020-11-18 09:36:30","2020TankerNov89"
"17326367293",113.576685,-30.333005,135.4,14.6,"2020-11-18 10:39:55","2020TankerNov89"
"17326367293",113.828208333,-30.561355,136.3,14.5,"2020-11-18 11:57:41","2020TankerNov89"
"17326367293",114.021845,-30.742465,138,13.9,"2020-11-18 12:59:00","2020TankerNov89"
"17326367293",114.194215,-30.91408,138,13.3,"2020-11-18 13:59:57","2020TankerNov89"
"17326367293",114.365458333,-31.077425,140.7,13,"2020-11-18 14:59:57","2020TankerNov89"
"17326367293",114.534073333,-31.2344116667,136.3,12.7,"2020-11-18 15:59:59","2020TankerNov89"
"17326367293",114.70129,-31.4060216667,134.8,12.7,"2020-11-18 17:04:56","2020TankerNov89"
"17326367293",114.897296667,-31.5614233333,137.3,12.7,"2020-11-18 18:09:56","2020TankerNov89"
"17326367293",115.058178333,-31.7225033333,140.8,13,"2020-11-18 19:09:57","2020TankerNov89"
"17326367293",115.303968333,-31.8283316667,95.9,13.3,"2020-11-18 20:14:59","2020TankerNov89"
"17326367293",115.563928333,-31.869715,98.6,10.5,"2020-11-18 21:19:57","2020TankerNov89"
"17326367293",115.649631667,-31.8854266667,326.9,0.1,"2020-11-18 22:23:16","2020TankerNov89"
"17326367293",115.650711667,-31.8852616667,299,0.1,"2020-11-18 23:23:19","2020TankerNov89"
"17326367293",115.650765,-31.8853533333,129.6,0.2,"2020-11-19 00:29:18","2020TankerNov89"
"END",NA,NA,NA,NA,NA,"NA"
"17326367293",115.710175,-32.1515083333,341.9,16,"2020-11-23 09:39:59","2020TankerNov90"
"17326367293",115.62718,-31.9344916667,305.5,16.1,"2020-11-23 10:44:57","2020TankerNov90"
"17326367293",115.424936667,-31.8673583333,290,9.6,"2020-11-23 11:44:59","2020TankerNov90"
"17326367293",115.252493333,-31.8189333333,287.6,9.1,"2020-11-23 12:44:59","2020TankerNov90"
"17326367293",115.084411667,-31.7388683333,299,9.2,"2020-11-23 13:49:59","2020TankerNov90"
"17326367293",114.967435,-31.6088333333,322.8,10.2,"2020-11-23 14:50:00","2020TankerNov90"
"17326367293",114.840136667,-31.4598733333,322.9,10.1,"2020-11-23 15:54:59","2020TankerNov90"
"17326367293",114.718168333,-31.3145566667,320,10.1,"2020-11-23 16:59:59","2020TankerNov90"
"17326367293",114.601231667,-31.1776766667,331.1,8.9,"2020-11-23 18:05:00","2020TankerNov90"
"17326367293",114.500248333,-31.0353366667,325.9,9.5,"2020-11-23 19:09:59","2020TankerNov90"
"17326367293",114.387421667,-30.8919483333,326,9.5,"2020-11-23 20:14:50","2020TankerNov90"
"17326367293",114.276411667,-30.7604483333,321.9,9.8,"2020-11-23 21:14:59","2020TankerNov90"
"17326367293",114.151133333,-30.6174466667,322.8,10,"2020-11-23 22:19:48","2020TankerNov90"
"17326367293",114.03614,-30.4824216667,326.4,10.1,"2020-11-23 23:19:50","2020TankerNov90"
"17326367293",113.923295,-30.3455133333,324.8,10.1,"2020-11-24 00:19:59","2020TankerNov90"
"17326367293",113.798466667,-30.1979233333,324.7,10,"2020-11-24 01:24:59","2020TankerNov90"
"17326367293",113.68966,-30.062905,327.5,9.8,"2020-11-24 02:24:59","2020TankerNov90"
"17326367293",113.576428333,-29.9154133333,327.2,10.1,"2020-11-24 03:29:50","2020TankerNov90"
"17326367293",113.472468333,-29.7804516667,330.4,9.7,"2020-11-24 04:29:59","2020TankerNov90"
"17326367293",113.356235,-29.6392066667,323.4,10,"2020-11-24 05:34:58","2020TankerNov90"
"17326367293",113.245396667,-29.5069533333,322.7,9.6,"2020-11-24 06:35:00","2020TankerNov90"
"17326367293",113.137706667,-29.3770966667,323.2,9.6,"2020-11-24 07:35:00","2020TankerNov90"
"17326367293",113.01939,-29.2331633333,323.7,10.1,"2020-11-24 08:39:49","2020TankerNov90"
"17326367293",112.905058333,-29.097375,324.2,10,"2020-11-24 09:39:58","2020TankerNov90"
"17326367293",112.792118333,-28.9509216667,325.3,9.6,"2020-11-24 10:44:29","2020TankerNov90"
"17326367293",112.648598333,-28.7660033333,323.1,9.3,"2020-11-24 12:12:59","2020TankerNov90"
"17326367293",112.574076667,-28.6082016667,358.9,10.3,"2020-11-24 13:19:59","2020TankerNov90"
"17326367293",112.572718333,-28.4374433333,359.8,9.7,"2020-11-24 14:21:09","2020TankerNov90"
"17326367293",112.574045,-28.2636033333,6.2,9.3,"2020-11-24 15:26:20","2020TankerNov90"
"17326367293",112.577761667,-28.0396116667,359.5,9.5,"2020-11-24 16:52:19","2020TankerNov90"
"17326367293",112.57499,-27.8399516667,359.5,9.3,"2020-11-24 18:08:20","2020TankerNov90"
"17326367293",112.584158333,-27.665405,4.2,9,"2020-11-24 19:17:31","2020TankerNov90"
"17326367293",112.597511667,-27.5050866667,0.3,8.5,"2020-11-24 20:24:09","2020TankerNov90"
"17326367293",112.602705,-27.316495,1.4,7.9,"2020-11-24 21:46:19","2020TankerNov90"
"17326367293",112.605193333,-27.1830366667,358.5,7.8,"2020-11-24 22:46:40","2020TankerNov90"
"17326367293",112.610875,-27.0035516667,3.6,8,"2020-11-25 00:06:49","2020TankerNov90"
"17326367293",112.614695,-26.8465433333,358.1,8,"2020-11-25 01:17:48","2020TankerNov90"
"17326367293",112.611903333,-26.7045133333,0.6,8.4,"2020-11-25 02:19:48","2020TankerNov90"
"17326367293",112.617771667,-26.5625383333,1.6,8.5,"2020-11-25 03:19:59","2020TankerNov90"
"17326367293",112.619145,-26.4045166667,0.2,8.9,"2020-11-25 04:24:59","2020TankerNov90"
"17326367293",112.614481667,-26.227355,356.3,9.4,"2020-11-25 05:34:50","2020TankerNov90"
"17326367293",112.619575,-26.0526983333,3.1,10.1,"2020-11-25 06:39:48","2020TankerNov90"
"17326367293",112.63252,-25.8831083333,3,10.2,"2020-11-25 07:39:58","2020TankerNov90"
"17326367293",112.647278333,-25.715225,5.1,10.3,"2020-11-25 08:39:59","2020TankerNov90"
"17326367293",112.651461667,-25.5288916667,358,10.2,"2020-11-25 09:44:59","2020TankerNov90"
"17326367293",112.678195,-25.349145,9.8,9.8,"2020-11-25 10:49:59","2020TankerNov90"
"17326367293",112.715056667,-25.1711916667,11,10.2,"2020-11-25 11:54:50","2020TankerNov90"
"17326367293",112.749281667,-25.001495,10.6,10.4,"2020-11-25 12:54:59","2020TankerNov90"
"17326367293",112.786663333,-24.8169666667,10.2,10.1,"2020-11-25 13:59:59","2020TankerNov90"
"17326367293",112.820126667,-24.6493166667,12.4,10.2,"2020-11-25 14:59:59","2020TankerNov90"
"17326367293",112.855676667,-24.469955,10,10,"2020-11-25 16:04:49","2020TankerNov90"
"17326367293",112.883478333,-24.2937333333,7.1,9.9,"2020-11-25 17:09:49","2020TankerNov90"
"17326367293",112.914246667,-24.1257283333,9.9,10.2,"2020-11-25 18:09:59","2020TankerNov90"
"17326367293",112.933656667,-23.9585216667,10,9.8,"2020-11-25 19:09:59","2020TankerNov90"
"17326367293",112.973613333,-23.7891216667,14,9.3,"2020-11-25 20:14:58","2020TankerNov90"
"17326367293",113.01053,-23.6382116667,9.8,9.3,"2020-11-25 21:14:58","2020TankerNov90"
"17326367293",113.053145,-23.4707683333,15.8,9.5,"2020-11-25 22:20:00","2020TankerNov90"
"17326367293",113.090398333,-23.3015516667,9.2,9.8,"2020-11-25 23:24:49","2020TankerNov90"
"17326367293",113.130371667,-23.1074516667,10.2,15.5,"2020-11-26 00:24:56","2020TankerNov90"
"17326367293",113.178786667,-22.85292,11.2,15.1,"2020-11-26 01:24:57","2020TankerNov90"
"17326367293",113.230001667,-22.6063616667,8.9,15.2,"2020-11-26 02:24:58","2020TankerNov90"
"17326367293",113.28421,-22.3306283333,12.4,15.7,"2020-11-26 03:29:40","2020TankerNov90"
"17326367293",113.334943333,-22.0759016667,7.8,15.3,"2020-11-26 04:29:58","2020TankerNov90"
"17326367293",113.382333333,-21.8038183333,12.8,15.4,"2020-11-26 05:34:58","2020TankerNov90"
"17326367293",113.447793333,-21.5280666667,12.4,15.5,"2020-11-26 06:39:58","2020TankerNov90"
"17326367293",113.582746667,-21.2845166667,37.1,15.4,"2020-11-26 07:44:58","2020TankerNov90"
"17326367293",113.706436667,-21.1293183333,37.2,10.7,"2020-11-26 08:44:59","2020TankerNov90"
"17326367293",113.82586,-20.9892533333,39.8,10.8,"2020-11-26 09:45:00","2020TankerNov90"
"17326367293",113.955698333,-20.8392066667,38.8,10.3,"2020-11-26 10:50:00","2020TankerNov90"
"17326367293",114.075991667,-20.70229,38.8,10,"2020-11-26 11:55:00","2020TankerNov90"
"17326367293",114.2,-20.5565383333,40,10.3,"2020-11-26 12:59:59","2020TankerNov90"
"17326367293",114.31656,-20.421175,37.5,10.4,"2020-11-26 14:00:00","2020TankerNov90"
"17326367293",114.445381667,-20.2747016667,39.1,10.4,"2020-11-26 15:05:00","2020TankerNov90"
"17326367293",114.571693333,-20.1329216667,40,10.5,"2020-11-26 16:10:00","2020TankerNov90"
"17326367293",114.687843333,-19.9920283333,36,11.1,"2020-11-26 17:10:00","2020TankerNov90"
"17326367293",114.808375,-19.8424516667,38.2,10,"2020-11-26 18:14:59","2020TankerNov90"
"17326367293",114.915943333,-19.70959,38.2,10,"2020-11-26 19:14:59","2020TankerNov90"
"17326367293",115.02458,-19.57959,40.4,10.1,"2020-11-26 20:15:00","2020TankerNov90"
"17326367293",115.142003333,-19.4523066667,40,10.3,"2020-11-26 21:15:00","2020TankerNov90"
"17326367293",115.265968333,-19.3094033333,39.9,9.9,"2020-11-26 22:20:00","2020TankerNov90"
"17326367293",115.379523333,-19.183645,41.3,9.8,"2020-11-26 23:20:00","2020TankerNov90"
"17326367293",115.494225,-19.04251,33.9,10.1,"2020-11-27 00:25:00","2020TankerNov90"
"17326367293",115.615385,-18.8979516667,40.5,10.4,"2020-11-27 01:29:59","2020TankerNov90"
"17326367293",115.732146667,-18.7641333333,40,10.5,"2020-11-27 02:30:00","2020TankerNov90"
"17326367293",115.842985,-18.6335383333,37.2,9.9,"2020-11-27 03:30:00","2020TankerNov90"
"END",NA,NA,NA,NA,NA,"NA"
"17397244872",115.825621667,-18.919075,218.1,19,"2020-11-27 10:09:57","2020TankerNov91"
"17397244872",115.630375,-19.149705,216.1,17.5,"2020-11-27 11:09:57","2020TankerNov91"
"17397244872",115.415518333,-19.4095866667,218.8,18.9,"2020-11-27 12:14:58","2020TankerNov91"
"17397244872",115.212446667,-19.6595133333,219.3,18.6,"2020-11-27 13:15:00","2020TankerNov91"
"17397244872",115.000258333,-19.93105,213.2,18.9,"2020-11-27 14:19:57","2020TankerNov91"
"17397244872",114.806435,-20.20378,214.1,17.6,"2020-11-27 15:24:57","2020TankerNov91"
"17397244872",114.684198333,-20.4511216667,186.4,15.1,"2020-11-27 16:24:58","2020TankerNov91"
"17397244872",114.555575,-20.6503133333,316,16,"2020-11-27 17:29:57","2020TankerNov91"
"17397244872",114.668543333,-20.8055783333,155.3,15.8,"2020-11-27 18:29:57","2020TankerNov91"
"17397244872",114.806616667,-21.0482533333,122.6,15,"2020-11-27 19:34:56","2020TankerNov91"
"17397244872",115.041293333,-21.1210166667,100.2,10.4,"2020-11-27 20:39:54","2020TankerNov91"
"17397244872",115.221988333,-21.1923316667,135.4,10.4,"2020-11-27 21:39:54","2020TankerNov91"
"17397244872",115.265951667,-21.31815,180.5,7.9,"2020-11-27 22:39:55","2020TankerNov91"
"17397244872",115.144798333,-21.4141783333,230.4,7.5,"2020-11-27 23:44:52","2020TankerNov91"
"17397244872",115.053205,-21.5047033333,185.4,8.2,"2020-11-28 00:44:53","2020TankerNov91"
"END",NA,NA,NA,NA,NA,"NA"
"17397244872",115.007188333,-21.6764283333,341.6,0.2,"2020-11-28 20:14:52","2020TankerNov92"
"17397244872",115.007178333,-21.676405,336.7,0.5,"2020-11-28 21:14:52","2020TankerNov92"
"17397244872",115.007185,-21.6763516667,123.5,0.4,"2020-11-28 22:14:52","2020TankerNov92"
"17397244872",115.007188333,-21.6764133333,24,0.1,"2020-11-28 23:17:52","2020TankerNov92"
"17397244872",115.007208333,-21.676435,43.5,0.1,"2020-11-29 00:17:53","2020TankerNov92"
"17397244872",115.02332,-21.6179083333,14.7,7.7,"2020-11-29 01:19:52","2020TankerNov92"
"17397244872",115.060973333,-21.4801083333,50.6,9.8,"2020-11-29 02:19:53","2020TankerNov92"
"17397244872",115.195206667,-21.3716016667,52.5,10.6,"2020-11-29 03:19:53","2020TankerNov92"
"17397244872",115.233433333,-21.2458016667,320.8,13.1,"2020-11-29 04:19:53","2020TankerNov92"
"17397244872",114.982603333,-21.1175616667,280.5,18,"2020-11-29 05:19:56","2020TankerNov92"
"17397244872",114.73221,-20.9503966667,352.5,18.9,"2020-11-29 06:19:57","2020TankerNov92"
"17397244872",114.682253333,-20.6146266667,351.8,18.7,"2020-11-29 07:24:59","2020TankerNov92"
"17397244872",114.747368333,-20.2931266667,34.6,19.1,"2020-11-29 08:29:57","2020TankerNov92"
"17397244872",114.932023333,-20.02643,33.2,18.9,"2020-11-29 09:29:57","2020TankerNov92"
"17397244872",115.14141,-19.7422633333,37.4,19.3,"2020-11-29 10:34:57","2020TankerNov92"
"17397244872",115.365145,-19.4647533333,37.9,19.4,"2020-11-29 11:39:56","2020TankerNov92"
"17397244872",115.57254,-19.2130766667,37.6,18.8,"2020-11-29 12:39:56","2020TankerNov92"
"17397244872",115.787055,-18.9436016667,36.1,19.1,"2020-11-29 13:44:56","2020TankerNov92"
"END",NA,NA,NA,NA,NA,"NA"
"17887982649",105.100316667,-15.0817783333,142.9,11.3,"2020-11-09 00:28:15","2020TankerNov93"
"17887982649",105.20483,-15.2166183333,142.05,11.65,"2020-11-09 01:20:49","2020TankerNov93"
"17887982649",105.309343333,-15.3514583333,141.2,12,"2020-11-09 02:11:49","2020TankerNov93"
"17887982649",105.47918,-15.5691083333,144.1,11.7,"2020-11-09 03:34:17","2020TankerNov93"
"17887982649",105.5689158335,-15.7169358333,147.45,11.9,"2020-11-09 04:27:19","2020TankerNov93"
"17887982649",105.658651667,-15.8647633333,150.8,12.1,"2020-11-09 05:19:19","2020TankerNov93"
"17887982649",105.770901667,-16.0607633333,152.5,11.9,"2020-11-09 06:26:18","2020TankerNov93"
"17887982649",105.890666667,-16.2587833333,148.2,11.8,"2020-11-09 07:35:37","2020TankerNov93"
"17887982649",105.9750958335,-16.3939825,149.2,11.9,"2020-11-09 08:23:18","2020TankerNov93"
"17887982649",106.059525,-16.5291816667,150.2,12,"2020-11-09 09:10:18","2020TankerNov93"
"17887982649",106.1422766665,-16.65330583335,147.7,11.9,"2020-11-09 09:55:28","2020TankerNov93"
"17887982649",106.225028333,-16.77743,145.2,11.8,"2020-11-09 10:40:28","2020TankerNov93"
"17887982649",106.348608333,-16.9458716667,143.6,12,"2020-11-09 11:42:56","2020TankerNov93"
"17887982649",106.483474444333,-17.1175411111333,143.433333333333,12.1666666666667,"2020-11-09 12:46:07","2020TankerNov93"
"17887982649",106.618340555667,-17.2892105555667,143.266666666667,12.3333333333333,"2020-11-09 13:51:07","2020TankerNov93"
"17887982649",106.753206667,-17.46088,143.1,12.5,"2020-11-09 14:54:07","2020TankerNov93"
"17887982649",106.900601667,-17.6568466667,144.2,12.4,"2020-11-09 16:03:28","2020TankerNov93"
"17887982649",107.037471667,-17.8501583333,147.5,12.1,"2020-11-09 17:12:08","2020TankerNov93"
"17887982649",107.167083333,-18.038075,138.9,11.9,"2020-11-09 18:19:47","2020TankerNov93"
"17887982649",107.3095391665,-18.23544416665,143.15,11.9,"2020-11-09 19:34:19","2020TankerNov93"
"17887982649",107.451995,-18.4328133333,147.4,11.9,"2020-11-09 20:47:19","2020TankerNov93"
"17887982649",107.576238333,-18.6161433333,146.1,12.1,"2020-11-09 21:52:29","2020TankerNov93"
"17887982649",107.720678333,-18.8366333333,149.1,12.1,"2020-11-09 23:09:46","2020TankerNov93"
"17887982649",107.844138333,-19.0220016667,145.1,12.2,"2020-11-10 00:14:39","2020TankerNov93"
"17887982649",107.968608333,-19.194415,146.6,12.2,"2020-11-10 01:16:18","2020TankerNov93"
"17887982649",108.135293333,-19.424835,147,12.2,"2020-11-10 02:37:37","2020TankerNov93"
"17887982649",108.257098333,-19.6118016667,147.5,12,"2020-11-10 03:43:45","2020TankerNov93"
"17887982649",108.39831,-19.8309716667,150.1,12,"2020-11-10 05:01:18","2020TankerNov93"
"17887982649",108.51191,-20.0096183333,148.3,12.3,"2020-11-10 06:02:37","2020TankerNov93"
"17887982649",108.638136667,-20.213935,152,12.5,"2020-11-10 07:10:29","2020TankerNov93"
"17887982649",108.767251667,-20.42773,150.8,12.4,"2020-11-10 08:20:58","2020TankerNov93"
"17887982649",108.92155,-20.6793866667,151.6,11.8,"2020-11-10 09:47:17","2020TankerNov93"
"17887982649",109.035701667,-20.8577716667,148.5,11.6,"2020-11-10 10:50:47","2020TankerNov93"
"17887982649",109.16164,-21.0521266667,148.6,11.4,"2020-11-10 11:59:49","2020TankerNov93"
"17887982649",109.25729,-21.1931991667,148.2,11.2,"2020-11-10 12:52:59","2020TankerNov93"
"17887982649",109.35294,-21.3342716667,147.8,11,"2020-11-10 13:45:59","2020TankerNov93"
"17887982649",109.438298333,-21.5672066667,163.6,10.7,"2020-11-10 15:06:58","2020TankerNov93"
"17887982649",109.499245,-21.74233,161.4,11,"2020-11-10 16:07:48","2020TankerNov93"
"17887982649",109.57698,-21.96197,161.7,10.8,"2020-11-10 17:26:36","2020TankerNov93"
"17887982649",109.638571667,-22.1422916667,165.9,9.8,"2020-11-10 18:33:08","2020TankerNov93"
"17887982649",109.697373333,-22.3319766667,169.2,9.9,"2020-11-10 19:44:38","2020TankerNov93"
"17887982649",109.75879,-22.5247383333,161.8,9.9,"2020-11-10 20:57:48","2020TankerNov93"
"17887982649",109.811555,-22.70777,166,9.5,"2020-11-10 22:07:38","2020TankerNov93"
"17887982649",109.867491667,-22.8771716667,161,9.8,"2020-11-10 23:12:47","2020TankerNov93"
"17887982649",109.927601667,-23.0418216667,164.4,9.9,"2020-11-11 00:16:29","2020TankerNov93"
"17887982649",109.979535,-23.20494,165.2,10.2,"2020-11-11 01:17:18","2020TankerNov93"
"17887982649",110.033003333,-23.3686466667,163.85,10.45,"2020-11-11 02:17:27","2020TankerNov93"
"17887982649",110.092621667,-23.5609166667,162.5,10.7,"2020-11-11 03:26:19","2020TankerNov93"
"17887982649",110.160426667,-23.754875,158.2,11.9,"2020-11-11 04:30:19","2020TankerNov93"
"17887982649",110.229278333,-23.964125,139.2,11.4,"2020-11-11 05:37:58","2020TankerNov93"
"17887982649",110.324733333,-24.1756866667,163,11.6,"2020-11-11 06:48:39","2020TankerNov93"
"17887982649",110.451973333,-24.42169,167.1,11.8,"2020-11-11 08:12:19","2020TankerNov93"
"17887982649",110.4966,-24.6191866667,167.7,11.6,"2020-11-11 09:13:28","2020TankerNov93"
"17887982649",110.571125,-24.871215,164.8,11.8,"2020-11-11 10:32:19","2020TankerNov93"
"17887982649",110.625093333,-25.1020366667,168.6,12.5,"2020-11-11 11:41:16","2020TankerNov93"
"17887982649",110.682195,-25.31782,166.2,12.2,"2020-11-11 12:47:17","2020TankerNov93"
"17887982649",110.766035,-25.5561666667,163.8,11.7,"2020-11-11 14:02:28","2020TankerNov93"
"17887982649",110.828721667,-25.743385,161.6,11.7,"2020-11-11 15:02:39","2020TankerNov93"
"17887982649",110.895838333,-25.9303516667,164.1,11.8,"2020-11-11 16:02:39","2020TankerNov93"
"17887982649",110.958696667,-26.1219233333,160.4,12.1,"2020-11-11 17:03:29","2020TankerNov93"
"17887982649",111.028055,-26.3528116667,164.6,11.4,"2020-11-11 18:15:48","2020TankerNov93"
"17887982649",111.100806667,-26.561865,164.4,11.8,"2020-11-11 19:22:57","2020TankerNov93"
"17887982649",111.167013333,-26.7822783333,164.7,11.7,"2020-11-11 20:32:09","2020TankerNov93"
"17887982649",111.231893333,-27.00957,167.2,11.4,"2020-11-11 21:43:28","2020TankerNov93"
"17887982649",111.286893333,-27.2116683333,162.3,12.2,"2020-11-11 22:45:37","2020TankerNov93"
"17887982649",111.357471667,-27.4083316667,162.8,12.3,"2020-11-11 23:46:47","2020TankerNov93"
"17887982649",111.440706667,-27.6468766667,162.6,12.7,"2020-11-12 00:58:09","2020TankerNov93"
"17887982649",111.51158,-27.8483233333,162.9,12.6,"2020-11-12 01:58:19","2020TankerNov93"
"17887982649",111.585661667,-28.0565833333,159.6,12.3,"2020-11-12 03:01:18","2020TankerNov93"
"17887982649",111.672093333,-28.3033666667,165,13.1,"2020-11-12 04:14:49","2020TankerNov93"
"17887982649",111.757033333,-28.5470683333,162.5,13.1,"2020-11-12 05:23:58","2020TankerNov93"
"17887982649",111.829498333,-28.76383,163.6,13.2,"2020-11-12 06:24:59","2020TankerNov93"
"17887982649",111.931748333,-29.0758416667,160.4,13.5,"2020-11-12 07:53:08","2020TankerNov93"
"17887982649",112.024336667,-29.2985833333,159.4,12.8,"2020-11-12 08:57:58","2020TankerNov93"
"17887982649",112.074361667,-29.47661416665,162.1,12,"2020-11-12 09:51:18","2020TankerNov93"
"17887982649",112.124386667,-29.654645,164.8,11.2,"2020-11-12 10:43:18","2020TankerNov93"
"17887982649",112.192175,-29.8581016667,160.1,11.1,"2020-11-12 11:51:47","2020TankerNov93"
"17887982649",112.272296667,-30.07424,162.5,11.1,"2020-11-12 13:05:57","2020TankerNov93"
"17887982649",112.343733333,-30.2737866667,161.8,11,"2020-11-12 14:13:28","2020TankerNov93"
"17887982649",112.416925,-30.47915,162.4,10.9,"2020-11-12 15:23:36","2020TankerNov93"
"17887982649",112.494806667,-30.7177533333,165.2,11.8,"2020-11-12 16:42:49","2020TankerNov93"
"17887982649",112.560903333,-30.939305,166,12.1,"2020-11-12 17:50:57","2020TankerNov93"
"17887982649",112.64408,-31.171175,163,12.2,"2020-11-12 19:02:29","2020TankerNov93"
"17887982649",112.728186667,-31.4047233333,162.5,12.4,"2020-11-12 20:13:39","2020TankerNov93"
"17887982649",112.806073333,-31.63314,164.4,12.3,"2020-11-12 21:22:49","2020TankerNov93"
"17887982649",112.8877,-31.8829816667,169.1,11.7,"2020-11-12 22:40:08","2020TankerNov93"
"17887982649",112.95423,-32.0961233333,162.9,12.1,"2020-11-12 23:47:28","2020TankerNov93"
"17887982649",113.037101667,-32.317475,154.5,12,"2020-11-13 00:57:47","2020TankerNov93"
"17887982649",113.150458333,-32.5667816667,163.2,11.6,"2020-11-13 02:18:28","2020TankerNov93"
"17887982649",113.223118333,-32.761295,161.6,12,"2020-11-13 03:20:47","2020TankerNov93"
"17887982649",113.306688333,-32.9899066667,162.8,12.05,"2020-11-13 04:36:59","2020TankerNov93"
"17887982649",113.377711667,-33.20271,164,12.1,"2020-11-13 05:47:17","2020TankerNov93"
"17887982649",113.452975,-33.4160783333,163.7,11.8,"2020-11-13 06:52:49","2020TankerNov93"
"17887982649",113.519616667,-33.6220366667,164.2,12,"2020-11-13 07:55:57","2020TankerNov93"
"17887982649",113.583758333,-33.8401366667,169.6,12,"2020-11-13 09:02:27","2020TankerNov93"
"17887982649",113.695253333,-34.0479466667,165,11.6,"2020-11-13 10:12:28","2020TankerNov93"
"17887982649",113.91157,-34.2233266667,126.4,11.7,"2020-11-13 11:32:37","2020TankerNov93"
"17887982649",114.132053333,-34.392565,139.1,11.3,"2020-11-13 12:48:46","2020TankerNov93"
"17887982649",114.289675,-34.54145,135.7,11.8,"2020-11-13 13:49:47","2020TankerNov93"
"17887982649",114.453863333,-34.6878066667,137.5,12,"2020-11-13 14:49:58","2020TankerNov93"
"17887982649",114.67559,-34.80574,115.3,12.5,"2020-11-13 15:54:58","2020TankerNov93"
"17887982649",114.928735,-34.9035916667,111.6,13.1,"2020-11-13 16:59:57","2020TankerNov93"
"17887982649",115.190513333,-34.9966616667,111.3,12.5,"2020-11-13 18:04:58","2020TankerNov93"
"17887982649",115.439776667,-35.0884283333,113.5,12.7,"2020-11-13 19:09:58","2020TankerNov93"
"17887982649",115.68942,-35.182955,118.8,12.5,"2020-11-13 20:14:58","2020TankerNov93"
"END",NA,NA,NA,NA,NA,"NA"
"19087040361",107.84883,-15.0492133333,164,12.7,"2020-11-04 21:44:16","2020TankerNov94"
"19087040361",107.931756667,-15.318775,164.8,12.3,"2020-11-04 23:04:54","2020TankerNov94"
"19087040361",107.992248333,-15.514675,162.6,12.1,"2020-11-05 00:04:55","2020TankerNov94"
"19087040361",108.058686667,-15.7100166667,160.1,12.3,"2020-11-05 01:04:55","2020TankerNov94"
"19087040361",108.117286667,-15.9068616667,164.2,11.9,"2020-11-05 02:05:35","2020TankerNov94"
"19087040361",108.175898333,-16.1119666667,164.1,11.6,"2020-11-05 03:09:55","2020TankerNov94"
"19087040361",108.2342,-16.3174716667,164,12.1,"2020-11-05 04:14:35","2020TankerNov94"
"19087040361",108.296323333,-16.5110133333,165.4,12,"2020-11-05 05:14:58","2020TankerNov94"
"19087040361",108.359785,-16.723015,163,12.4,"2020-11-05 06:19:55","2020TankerNov94"
"19087040361",108.419695,-16.9249966667,163.7,12.7,"2020-11-05 07:19:55","2020TankerNov94"
"19087040361",108.486098333,-17.1451166667,161.3,12.4,"2020-11-05 08:24:55","2020TankerNov94"
"19087040361",108.55286,-17.3583283333,162.2,12.2,"2020-11-05 09:29:55","2020TankerNov94"
"19087040361",108.618581667,-17.5711766667,162.4,12.3,"2020-11-05 10:34:55","2020TankerNov94"
"19087040361",108.681285,-17.7716883333,165.7,12.8,"2020-11-05 11:34:55","2020TankerNov94"
"19087040361",108.738898333,-17.975305,162.7,12.6,"2020-11-05 12:34:55","2020TankerNov94"
"19087040361",108.80433,-18.17809,164.7,12.3,"2020-11-05 13:34:58","2020TankerNov94"
"19087040361",108.87143,-18.391795,162.9,12.4,"2020-11-05 14:39:56","2020TankerNov94"
"19087040361",108.940158333,-18.6026733333,163.6,12.1,"2020-11-05 15:44:55","2020TankerNov94"
"19087040361",109.00193,-18.8104283333,162.4,12,"2020-11-05 16:49:55","2020TankerNov94"
"19087040361",109.067763333,-19.0214966667,162.3,12,"2020-11-05 17:54:55","2020TankerNov94"
"19087040361",109.127373333,-19.2163566667,165.7,12,"2020-11-05 18:54:55","2020TankerNov94"
"19087040361",109.188251667,-19.4089216667,162.7,12.2,"2020-11-05 19:54:56","2020TankerNov94"
"19087040361",109.254055,-19.6204433333,162.6,12.2,"2020-11-05 20:59:46","2020TankerNov94"
"19087040361",109.314456667,-19.8168416667,164.6,12.2,"2020-11-05 21:59:55","2020TankerNov94"
"19087040361",109.380481667,-20.0303216667,164.8,12.4,"2020-11-05 23:04:55","2020TankerNov94"
"19087040361",109.445901667,-20.2313866667,161.2,12.7,"2020-11-06 00:04:55","2020TankerNov94"
"19087040361",109.517348333,-20.446045,166.1,12.1,"2020-11-06 01:09:54","2020TankerNov94"
"19087040361",109.574465,-20.66019,161.2,12.1,"2020-11-06 02:14:56","2020TankerNov94"
"19087040361",109.64553,-20.86671,163.1,12,"2020-11-06 03:19:45","2020TankerNov94"
"19087040361",109.70304,-21.05988,167.2,11.9,"2020-11-06 04:19:54","2020TankerNov94"
"19087040361",109.768835,-21.266575,163.2,11.9,"2020-11-06 05:24:55","2020TankerNov94"
"19087040361",109.827728333,-21.4571866667,163.9,11.8,"2020-11-06 06:24:55","2020TankerNov94"
"19087040361",109.894723333,-21.6609816667,163.6,11.8,"2020-11-06 07:29:54","2020TankerNov94"
"19087040361",109.951026667,-21.84555,162.8,11.5,"2020-11-06 08:29:55","2020TankerNov94"
"19087040361",110.010441667,-22.0277,160.9,11.4,"2020-11-06 09:29:55","2020TankerNov94"
"19087040361",110.075535,-22.209135,163.1,11.3,"2020-11-06 10:29:56","2020TankerNov94"
"19087040361",110.139243333,-22.3898516667,163.9,11.5,"2020-11-06 11:29:56","2020TankerNov94"
"19087040361",110.210973333,-22.5843533333,161,11.2,"2020-11-06 12:34:55","2020TankerNov94"
"19087040361",110.272541667,-22.759805,163.4,10.8,"2020-11-06 13:34:55","2020TankerNov94"
"19087040361",110.340078333,-22.9366833333,161.3,11.9,"2020-11-06 14:34:56","2020TankerNov94"
"19087040361",110.410303333,-23.1373216667,161.7,11.6,"2020-11-06 15:39:55","2020TankerNov94"
"19087040361",110.484585,-23.3329533333,159.1,11.8,"2020-11-06 16:43:33","2020TankerNov94"
"19087040361",110.554093333,-23.5240416667,160.9,12,"2020-11-06 17:44:35","2020TankerNov94"
"19087040361",110.636306667,-23.73874,161.5,12.1,"2020-11-06 18:53:05","2020TankerNov94"
"19087040361",110.717683333,-23.9668616667,161.2,11.7,"2020-11-06 20:05:36","2020TankerNov94"
"19087040361",110.800971667,-24.1928083333,160.6,11.9,"2020-11-06 21:18:15","2020TankerNov94"
"19087040361",110.876168333,-24.3949316667,161.6,12.1,"2020-11-06 22:23:05","2020TankerNov94"
"19087040361",110.963391667,-24.6307333333,163.4,12.1,"2020-11-06 23:37:26","2020TankerNov94"
"19087040361",111.04988,-24.875795,161.6,12,"2020-11-07 00:53:45","2020TankerNov94"
"19087040361",111.130328333,-25.0954666667,159.6,11.9,"2020-11-07 02:03:15","2020TankerNov94"
"19087040361",111.20688,-25.285375,161.7,11.6,"2020-11-07 03:05:13","2020TankerNov94"
"19087040361",111.2763125,-25.47376,160.9,11.55,"2020-11-07 04:07:49","2020TankerNov94"
"19087040361",111.345745,-25.662145,160.1,11.5,"2020-11-07 05:08:49","2020TankerNov94"
"19087040361",111.41469,-25.8454083333,161,11.4,"2020-11-07 06:08:51","2020TankerNov94"
"19087040361",111.482621667,-26.0344583333,161.4,11.5,"2020-11-07 07:11:28","2020TankerNov94"
"19087040361",111.552355,-26.2140283333,161.55,11.55,"2020-11-07 08:11:39","2020TankerNov94"
"19087040361",111.622088333,-26.3935983333,161.7,11.6,"2020-11-07 09:11:39","2020TankerNov94"
"19087040361",111.695451667,-26.6038533333,164.1,12.1,"2020-11-07 10:18:39","2020TankerNov94"
"19087040361",111.778563333,-26.8162183333,159.5,13,"2020-11-07 11:23:10","2020TankerNov94"
"19087040361",111.845135833,-26.997225,160.3,12.65,"2020-11-07 12:17:20","2020TankerNov94"
"19087040361",111.911708333,-27.1782316667,161.1,12.3,"2020-11-07 13:10:20","2020TankerNov94"
"19087040361",111.9695875,-27.3270241667,161.3,12.55,"2020-11-07 13:56:50","2020TankerNov94"
"19087040361",112.027466667,-27.4758166667,161.5,12.8,"2020-11-07 14:41:50","2020TankerNov94"
"19087040361",112.099095,-27.6771866667,162.2,12.5,"2020-11-07 15:42:21","2020TankerNov94"
"19087040361",112.177003333,-27.8712983333,161.4,12.2,"2020-11-07 16:42:50","2020TankerNov94"
"19087040361",112.271748333,-28.12617,161.3,12.7,"2020-11-07 18:00:09","2020TankerNov94"
"19087040361",112.360601667,-28.3585416667,161.6,12.9,"2020-11-07 19:08:59","2020TankerNov94"
"19087040361",112.451411667,-28.5899616667,162.1,12.9,"2020-11-07 20:18:30","2020TankerNov94"
"19087040361",112.54,-28.82,161,12,"2020-11-07 21:26:41","2020TankerNov94"
"19087040361",112.633431667,-29.0662633333,161,12.8,"2020-11-07 22:38:49","2020TankerNov94"
"19087040361",112.73304,-29.3246466667,161,12.5,"2020-11-07 23:55:39","2020TankerNov94"
"19087040361",112.814213333,-29.532235,212.3,9.2,"2020-11-08 01:05:50","2020TankerNov94"
"19087040361",112.8846641665,-29.71029416665,186.2,11.35,"2020-11-08 02:03:00","2020TankerNov94"
"19087040361",112.955115,-29.8883533333,160.1,13.5,"2020-11-08 02:59:00","2020TankerNov94"
"19087040361",113.074485,-30.2036883333,162.9,13.2,"2020-11-08 04:27:41","2020TankerNov94"
"19087040361",113.174958333,-30.465285,161.4,12.8,"2020-11-08 05:43:30","2020TankerNov94"
"19087040361",113.24393,-30.6648766667,190.9,8.6,"2020-11-08 06:45:07","2020TankerNov94"
"19087040361",113.294193333,-30.7505333333,37.8,0.6,"2020-11-08 07:55:00","2020TankerNov94"
"19087040361",113.322966667,-30.8243,167.1,12.3,"2020-11-08 09:23:40","2020TankerNov94"
"19087040361",113.389839167,-31.004915,165.1,12.8,"2020-11-08 10:16:40","2020TankerNov94"
"19087040361",113.456711667,-31.18553,163.1,13.3,"2020-11-08 11:08:40","2020TankerNov94"
"19087040361",113.550683333,-31.4210583333,160.5,13.4,"2020-11-08 12:15:59","2020TankerNov94"
"19087040361",113.64376,-31.6544016667,162.1,13.6,"2020-11-08 13:21:19","2020TankerNov94"
"19087040361",113.733445,-31.899475,159.7,13.1,"2020-11-08 14:29:40","2020TankerNov94"
"19087040361",113.822938333,-32.1142866667,162,13.2,"2020-11-08 15:32:30","2020TankerNov94"
"19087040361",113.949925,-32.427655,161.3,13.5,"2020-11-08 17:00:51","2020TankerNov94"
"19087040361",114.042788333,-32.6621183333,162.3,13.8,"2020-11-08 18:05:49","2020TankerNov94"
"19087040361",114.139805,-32.90346,161.5,13.4,"2020-11-08 19:13:49","2020TankerNov94"
"19087040361",114.231633333,-33.1423066667,162.1,13.6,"2020-11-08 20:19:48","2020TankerNov94"
"19087040361",114.325303333,-33.3674616667,161.7,13.4,"2020-11-08 21:23:29","2020TankerNov94"
"19087040361",114.409958333,-33.5800966667,159.5,13.4,"2020-11-08 22:24:59","2020TankerNov94"
"19087040361",114.495596667,-33.788105,161.1,13.1,"2020-11-08 23:24:59","2020TankerNov94"
"19087040361",114.581606667,-33.996675,164.5,13.1,"2020-11-09 00:24:59","2020TankerNov94"
"19087040361",114.6537,-34.2254683333,163.3,13,"2020-11-09 01:29:49","2020TankerNov94"
"19087040361",114.725966667,-34.4340816667,163.8,13,"2020-11-09 02:29:58","2020TankerNov94"
"19087040361",114.891206667,-34.59014,125.7,13,"2020-11-09 03:29:58","2020TankerNov94"
"19087040361",115.104238333,-34.7148016667,127.9,13.1,"2020-11-09 04:29:59","2020TankerNov94"
"19087040361",115.31538,-34.840415,126,12.7,"2020-11-09 05:29:59","2020TankerNov94"
"19087040361",115.524968333,-34.96322,124.2,12.9,"2020-11-09 06:29:59","2020TankerNov94"
"19087040361",115.758251667,-35.1001466667,123.8,13.4,"2020-11-09 07:34:49","2020TankerNov94"
"END",NA,NA,NA,NA,NA,"NA"
"19094382730",115.739305,-32.2177283333,340.1,8.5,"2020-11-08 12:09:49","2020TankerNov95"
"19094382730",115.68964,-32.0385466667,7.6,11.4,"2020-11-08 13:09:50","2020TankerNov95"
"19094382730",115.56735,-31.9238283333,270.9,12.9,"2020-11-08 14:09:58","2020TankerNov95"
"19094382730",115.283948333,-31.9205133333,265.8,13.5,"2020-11-08 15:14:58","2020TankerNov95"
"19094382730",115.089935,-32.08519,218.6,13.7,"2020-11-08 16:19:50","2020TankerNov95"
"19094382730",114.968925,-32.3684716667,192.3,14,"2020-11-08 17:39:18","2020TankerNov95"
"19094382730",114.91217,-32.5997366667,190.7,14.1,"2020-11-08 18:39:59","2020TankerNov95"
"19094382730",114.852321667,-32.848075,191.8,13.8,"2020-11-08 19:44:52","2020TankerNov95"
"19094382730",114.79661,-33.0888583333,192.6,13.2,"2020-11-08 20:49:50","2020TankerNov95"
"19094382730",114.742453333,-33.304255,192,13.2,"2020-11-08 21:49:51","2020TankerNov95"
"19094382730",114.689661667,-33.51484,190.9,13,"2020-11-08 22:49:51","2020TankerNov95"
"19094382730",114.638903333,-33.7277883333,193.4,12.5,"2020-11-08 23:49:51","2020TankerNov95"
"19094382730",114.589588333,-33.9325883333,190.8,12.7,"2020-11-09 00:49:51","2020TankerNov95"
"19094382730",114.626855,-34.14679,163.5,13.5,"2020-11-09 01:49:51","2020TankerNov95"
"19094382730",114.702278333,-34.3612933333,165.1,13.1,"2020-11-09 02:49:51","2020TankerNov95"
"19094382730",114.839911667,-34.563015,126.3,13.6,"2020-11-09 03:54:50","2020TankerNov95"
"19094382730",115.058866667,-34.69856,126,13.5,"2020-11-09 04:54:51","2020TankerNov95"
"19094382730",115.297376667,-34.8424066667,126.9,13.2,"2020-11-09 05:59:50","2020TankerNov95"
"19094382730",115.516046667,-34.9737583333,123.8,13.4,"2020-11-09 06:59:50","2020TankerNov95"
"19094382730",115.741525,-35.1042333333,125.3,13.6,"2020-11-09 07:59:50","2020TankerNov95"
"END",NA,NA,NA,NA,NA,"NA"
"19208063531",113.138573333,-15.0236416667,133.7,9.2,"2020-11-14 09:19:54","2020TankerNov96"
"19208063531",113.248511667,-15.1319766667,137.5,9.1,"2020-11-14 10:19:55","2020TankerNov96"
"19208063531",113.36681,-15.245855,132.7,9.2,"2020-11-14 11:24:15","2020TankerNov96"
"19208063531",113.481826667,-15.351975,133.5,8.9,"2020-11-14 12:24:55","2020TankerNov96"
"19208063531",113.599523333,-15.4641466667,133.2,8.8,"2020-11-14 13:29:54","2020TankerNov96"
"19208063531",113.707788333,-15.56586,132.9,8.7,"2020-11-14 14:29:54","2020TankerNov96"
"19208063531",113.830256667,-15.687685,132.7,11.3,"2020-11-14 15:34:54","2020TankerNov96"
"19208063531",113.971355,-15.82077,135.1,11.6,"2020-11-14 16:34:55","2020TankerNov96"
"19208063531",114.122303333,-15.9692416667,138.3,11.5,"2020-11-14 17:39:33","2020TankerNov96"
"19208063531",114.271553333,-16.1050933333,131.8,11.5,"2020-11-14 18:39:54","2020TankerNov96"
"19208063531",114.431093333,-16.230485,135.9,11.5,"2020-11-14 19:41:26","2020TankerNov96"
"19208063531",114.572881667,-16.37818,136.9,11.7,"2020-11-14 20:43:35","2020TankerNov96"
"19208063531",114.748323333,-16.5596333333,137.3,11.7,"2020-11-14 21:59:54","2020TankerNov96"
"19208063531",114.896236667,-16.71909,141,11.8,"2020-11-14 23:04:24","2020TankerNov96"
"19208063531",115.03165,-16.874395,138.9,12,"2020-11-15 00:04:55","2020TankerNov96"
"19208063531",115.175776667,-17.1061933333,148.7,16.2,"2020-11-15 01:09:58","2020TankerNov96"
"19208063531",115.31659,-17.322415,151.3,5.8,"2020-11-15 02:14:51","2020TankerNov96"
"19208063531",115.356293333,-17.440505,160.9,4.4,"2020-11-15 03:19:51","2020TankerNov96"
"19208063531",115.368738333,-17.5057916667,167.5,3.9,"2020-11-15 04:19:51","2020TankerNov96"
"19208063531",115.380308333,-17.5681916667,177.1,3.8,"2020-11-15 05:19:51","2020TankerNov96"
"19208063531",115.38665,-17.63707,176.2,4,"2020-11-15 06:25:00","2020TankerNov96"
"19208063531",115.456288333,-17.7250366667,120.4,8.3,"2020-11-15 07:29:41","2020TankerNov96"
"19208063531",115.583885,-17.79532,119.9,8.4,"2020-11-15 08:29:52","2020TankerNov96"
"19208063531",115.721441667,-17.87582,131.5,8.5,"2020-11-15 09:34:41","2020TankerNov96"
"19208063531",115.845183333,-17.9624066667,121.7,9,"2020-11-15 10:34:52","2020TankerNov96"
"END",NA,NA,NA,NA,NA,"NA"
"19834036424",105.045283333,-23.7043166667,133,12.5,"2020-11-06 22:19:53","2020TankerNov97"
"19834036424",105.237033333,-23.8658333333,131,13.6,"2020-11-06 23:24:42","2020TankerNov97"
"19834036424",105.439916667,-24.0350166667,130,13,"2020-11-07 00:31:34","2020TankerNov97"
"19834036424",105.640483333,-24.1886333333,131,12.8,"2020-11-07 01:38:13","2020TankerNov97"
"19834036424",105.896833333,-24.4055666667,133,12.8,"2020-11-07 03:07:32","2020TankerNov97"
"19834036424",106.0698916665,-24.546675,132.5,12.5,"2020-11-07 04:08:52","2020TankerNov97"
"19834036424",106.24295,-24.6877833333,132,12.2,"2020-11-07 05:08:52","2020TankerNov97"
"19834036424",106.445916667,-24.8400333333,131,12.1,"2020-11-07 06:18:43","2020TankerNov97"
"19834036424",106.64215,-25.0048333333,130,12.2,"2020-11-07 07:29:32","2020TankerNov97"
"19834036424",106.840816667,-25.1660166667,131,12.7,"2020-11-07 08:38:52","2020TankerNov97"
"19834036424",107.015733333,-25.3248333333,133,12.4,"2020-11-07 09:42:33","2020TankerNov97"
"19834036424",107.188166667,-25.469,131,12.1,"2020-11-07 10:45:22","2020TankerNov97"
"19834036424",107.36835,-25.6018166667,127,12.2,"2020-11-07 11:47:01","2020TankerNov97"
"19834036424",107.5996,-25.7890166667,129,12.2,"2020-11-07 13:09:33","2020TankerNov97"
"19834036424",107.79055,-25.9468166667,132,11.9,"2020-11-07 14:19:03","2020TankerNov97"
"19834036424",107.967833333,-26.0908333333,133,12,"2020-11-07 15:22:52","2020TankerNov97"
"19834036424",108.137883333,-26.2331666667,131,11.9,"2020-11-07 16:25:12","2020TankerNov97"
"19834036424",108.33965,-26.39345,130,11.8,"2020-11-07 17:37:42","2020TankerNov97"
"19834036424",108.4669583335,-26.49973333335,132.5,12.05,"2020-11-07 18:23:54","2020TankerNov97"
"19834036424",108.594266667,-26.6060166667,135,12.3,"2020-11-07 19:09:54","2020TankerNov97"
"19834036424",108.780783333,-26.7665,132,12.2,"2020-11-07 20:17:34","2020TankerNov97"
"19834036424",108.9691,-26.90065,130,12.1,"2020-11-07 21:21:31","2020TankerNov97"
"19834036424",109.190033333,-27.07,129,12.5,"2020-11-07 22:36:53","2020TankerNov97"
"19834036424",109.418283333,-27.2567666667,133,12.6,"2020-11-07 23:55:44","2020TankerNov97"
"19834036424",109.629516667,-27.4246166667,133,12.9,"2020-11-08 01:06:24","2020TankerNov97"
"19834036424",109.801866667,-27.56658333335,133,12.8,"2020-11-08 02:04:33","2020TankerNov97"
"19834036424",109.974216667,-27.70855,133,12.7,"2020-11-08 03:02:33","2020TankerNov97"
"19834036424",110.24915,-27.91655,135,13.1,"2020-11-08 04:30:44","2020TankerNov97"
"19834036424",110.466233333,-28.09265,127,12.4,"2020-11-08 05:44:25","2020TankerNov97"
"19834036424",110.655416667,-28.2303333333,130,13.2,"2020-11-08 06:45:03","2020TankerNov97"
"19834036424",110.858766667,-28.4078666667,135,13,"2020-11-08 07:54:34","2020TankerNov97"
"19834036424",111.1321,-28.6283833333,130,12.7,"2020-11-08 09:22:58","2020TankerNov97"
"19834036424",111.2962916665,-28.7543,130,12.8,"2020-11-08 10:16:38","2020TankerNov97"
"19834036424",111.460483333,-28.8802166667,130,12.9,"2020-11-08 11:08:38","2020TankerNov97"
"19834036424",111.652383333,-29.0384666667,132,13.1,"2020-11-08 12:11:58","2020TankerNov97"
"19834036424",111.869633333,-29.1976,128,13.5,"2020-11-08 13:19:08","2020TankerNov97"
"19834036424",112.084883333,-29.3748833333,133,12,"2020-11-08 14:31:57","2020TankerNov97"
"19834036424",112.324266667,-29.55645,131,12.4,"2020-11-08 15:52:27","2020TankerNov97"
"19834036424",112.532083333,-29.7257333333,133,13,"2020-11-08 17:02:38","2020TankerNov97"
"19834036424",112.71775,-29.8735666667,130,12.7,"2020-11-08 18:03:37","2020TankerNov97"
"19834036424",112.969733333,-30.0703833333,133,13.1,"2020-11-08 19:25:17","2020TankerNov97"
"19834036424",113.181033333,-30.2334166667,131,13.7,"2020-11-08 20:31:18","2020TankerNov97"
"19834036424",113.421716667,-30.4101333333,130,13.3,"2020-11-08 21:43:47","2020TankerNov97"
"19834036424",113.6295,-30.5835166667,134,13.3,"2020-11-08 22:50:58","2020TankerNov97"
"19834036424",113.878466667,-30.7673333333,128,13.3,"2020-11-09 00:07:19","2020TankerNov97"
"19834036424",114.0392,-30.8781166667,125,12.8,"2020-11-09 01:17:47","2020TankerNov97"
"19834036424",114.23375,-31.0574166667,137,13.1,"2020-11-09 02:26:28","2020TankerNov97"
"19834036424",114.394683333,-31.1858666667,127,10.5,"2020-11-09 03:28:27","2020TankerNov97"
"19834036424",114.57995,-31.3055666667,134,12.5,"2020-11-09 04:29:57","2020TankerNov97"
"19834036424",114.733666667,-31.4247833333,130,10.4,"2020-11-09 05:29:57","2020TankerNov97"
"19834036424",114.882533333,-31.53475,136,9.8,"2020-11-09 06:29:57","2020TankerNov97"
"19834036424",115.04515,-31.6784166667,136,11.1,"2020-11-09 07:34:56","2020TankerNov97"
"19834036424",115.22355,-31.7693333333,114,10.9,"2020-11-09 08:34:57","2020TankerNov97"
"19834036424",115.411383333,-31.8450833333,116,10.4,"2020-11-09 09:34:58","2020TankerNov97"
"19834036424",115.5974,-31.9204833333,117,10.1,"2020-11-09 10:34:58","2020TankerNov97"
"19834036424",115.522733333,-31.8835,59,0.7,"2020-11-09 11:39:57","2020TankerNov97"
"19834036424",115.501466667,-31.86595,336,1.2,"2020-11-09 12:39:58","2020TankerNov97"
"19834036424",115.49065,-31.85005,295,1.2,"2020-11-09 13:44:56","2020TankerNov97"
"19834036424",115.469816667,-31.8425666667,282,1.2,"2020-11-09 14:44:56","2020TankerNov97"
"19834036424",115.527083333,-31.8654,99,5.2,"2020-11-09 15:44:57","2020TankerNov97"
"19834036424",115.528716667,-31.8524666667,291,0.8,"2020-11-09 16:44:57","2020TankerNov97"
"END",NA,NA,NA,NA,NA,"NA"
"19912532833",105.011933333,-27.87085,135,13.8,"2020-11-14 23:02:51","2020TankerNov98"
"19912532833",105.220483333,-28.0654166667,134,13.7,"2020-11-15 00:12:36","2020TankerNov98"
"19912532833",105.436383333,-28.2490166667,129,13.4,"2020-11-15 01:23:16","2020TankerNov98"
"19912532833",105.627566667,-28.4231833333,136,12.7,"2020-11-15 02:31:07","2020TankerNov98"
"19912532833",105.798383,-28.579667,135,13.3,"2020-11-15 03:31:55","2020TankerNov98"
"19912532833",106.01935,-28.7633166667,132,13.4,"2020-11-15 04:44:16","2020TankerNov98"
"19912532833",106.226333333,-28.9340333333,134,13.3,"2020-11-15 05:51:27","2020TankerNov98"
"19912532833",106.418916667,-29.1004,133,13.3,"2020-11-15 06:55:17","2020TankerNov98"
"19912532833",106.5992,-29.25455,133,13.3,"2020-11-15 07:55:35","2020TankerNov98"
"19912532833",106.76,-29.38708333335,133,13.55,"2020-11-15 08:46:00","2020TankerNov98"
"19912532833",106.9208,-29.5196166667,133,13.8,"2020-11-15 09:35:00","2020TankerNov98"
"19912532833",107.141133333,-29.6972166667,133,13.7,"2020-11-15 10:43:10","2020TankerNov98"
"19912532833",107.40365,-29.9132833333,134,14.4,"2020-11-15 12:03:20","2020TankerNov98"
"19912532833",107.615833333,-30.0956,135,14.7,"2020-11-15 13:07:15","2020TankerNov98"
"19912532833",107.856116667,-30.2874166667,133,15.5,"2020-11-15 14:14:03","2020TankerNov98"
"19912532833",108.143233333,-30.5203333333,136,14.9,"2020-11-15 15:33:01","2020TankerNov98"
"19912532833",108.380783333,-30.7228,135,14.5,"2020-11-15 16:43:08","2020TankerNov98"
"19912532833",108.61505,-30.9197333333,132,14.6,"2020-11-15 17:53:14","2020TankerNov98"
"19912532833",108.865816667,-31.1167333333,132,14.8,"2020-11-15 19:03:57","2020TankerNov98"
"19912532833",109.107166667,-31.3136833333,132,14.7,"2020-11-15 20:14:03","2020TankerNov98"
"19912532833",109.316916667,-31.4846166667,133,14.6,"2020-11-15 21:14:55","2020TankerNov98"
"19912532833",109.5505,-31.6703333333,133,13.9,"2020-11-15 22:23:50","2020TankerNov98"
"19912532833",109.7647,-31.83985,131,14.7,"2020-11-15 23:26:33","2020TankerNov98"
"19912532833",109.988216667,-32.0075166667,130,14.4,"2020-11-16 00:28:50","2020TankerNov98"
"19912532833",110.2182,-32.17735,129,14.3,"2020-11-16 01:33:27","2020TankerNov98"
"19912532833",110.5027,-32.3947333333,134,14.3,"2020-11-16 02:55:33","2020TankerNov98"
"19912532833",110.73135,-32.5893333333,133,14.1,"2020-11-16 04:05:21","2020TankerNov98"
"19912532833",110.97165,-32.7706166667,130,14.4,"2020-11-16 05:13:57","2020TankerNov98"
"19912532833",111.208233333,-32.9376333333,126,14.8,"2020-11-16 06:17:14","2020TankerNov98"
"19912532833",111.4852,-33.13785,132,14.6,"2020-11-16 07:32:51","2020TankerNov98"
"19912532833",111.713783333,-33.30405,130,14.3,"2020-11-16 08:35:32","2020TankerNov98"
"19912532833",111.918416667,-33.4717666667,132,14.1,"2020-11-16 09:36:09","2020TankerNov98"
"19912532833",112.0894,-33.5903666667,130.5,14.05,"2020-11-16 10:24:20","2020TankerNov98"
"19912532833",112.260383333,-33.7089666667,129,14,"2020-11-16 11:11:20","2020TankerNov98"
"19912532833",112.4826,-33.8657333333,132,13.9,"2020-11-16 12:13:41","2020TankerNov98"
"19912532833",112.7141,-34.0286833333,130,13.8,"2020-11-16 13:18:49","2020TankerNov98"
"19912532833",112.926583333,-34.1776833333,130,13.3,"2020-11-16 14:19:49","2020TankerNov98"
"19912532833",113.135133333,-34.33775,135,13.4,"2020-11-16 15:23:49","2020TankerNov98"
"19912532833",113.338233333,-34.5002,133,14,"2020-11-16 16:24:57","2020TankerNov98"
"19912532833",113.5396,-34.6542,131,12.8,"2020-11-16 17:24:57","2020TankerNov98"
"19912532833",113.7486,-34.8074666667,130,12.7,"2020-11-16 18:29:37","2020TankerNov98"
"19912532833",113.949483333,-34.9430833333,133,13,"2020-11-16 19:29:56","2020TankerNov98"
"19912532833",114.201666667,-35.04665,104,13.4,"2020-11-16 20:34:56","2020TankerNov98"
"19912532833",114.49195,-35.0995,103,13.9,"2020-11-16 21:39:59","2020TankerNov98"
"19912532833",114.795216667,-35.16545,106,14.7,"2020-11-16 22:44:57","2020TankerNov98"
"19912532833",115.087433333,-35.2215833333,101,14.6,"2020-11-16 23:44:58","2020TankerNov98"
"19912532833",115.412816667,-35.27965,101,15.4,"2020-11-17 00:49:57","2020TankerNov98"
"END",NA,NA,NA,NA,NA,"NA"
"20134319925",115.007181667,-21.6764883333,140.4,0.1,"2020-11-01 00:04:12","2020TankerNov99"
"20134319925",115.007163333,-21.6764233333,113.1,0.333333333333333,"2020-11-01 01:04:12","2020TankerNov99"
"20134319925",115.00718,-21.6764266667,85.8,0.566666666666667,"2020-11-01 02:04:12","2020TankerNov99"
"20134319925",115.007371667,-21.6763016667,58.5,0.8,"2020-11-01 03:04:57","2020TankerNov99"
"20134319925",115.03782,-21.5618016667,15.7,7.6,"2020-11-01 04:09:56","2020TankerNov99"
"20134319925",115.09482,-21.4520516667,47.9,8.3,"2020-11-01 05:09:57","2020TankerNov99"
"20134319925",115.250138333,-21.332375,56.3,10.7,"2020-11-01 06:14:56","2020TankerNov99"
"20134319925",115.136875,-21.13433,295.8,16.4,"2020-11-01 07:19:07","2020TankerNov99"
"20134319925",114.830871667,-21.0540316667,299.3,16.6,"2020-11-01 08:24:08","2020TankerNov99"
"20134319925",114.683298333,-20.8133183333,335.8,16.1,"2020-11-01 09:24:55","2020TankerNov99"
"20134319925",114.653538333,-20.5214733333,1.5,17.1,"2020-11-01 10:28:43","2020TankerNov99"
"20134319925",114.660596667,-20.2300216667,2,17.2,"2020-11-01 11:29:12","2020TankerNov99"
"20134319925",114.719046667,-19.9578766667,39,17.3,"2020-11-01 12:29:38","2020TankerNov99"
"20134319925",114.967783333,-19.6657,37.7,17.5,"2020-11-01 13:47:15","2020TankerNov99"
"20134319925",115.227018333,-19.360195,38.2,16.9,"2020-11-01 15:09:38","2020TankerNov99"
"20134319925",115.424328333,-19.1264816667,38.1,17,"2020-11-01 16:13:21","2020TankerNov99"
"20134319925",115.61145,-18.901135,39.3,17,"2020-11-01 17:13:56","2020TankerNov99"
"END",NA,NA,NA,NA,NA,"NA"
"20250671588",115.89321,-35.1215616667,308.4,9.6,"2020-11-15 00:24:51","2020TankerNov100"
"20250671588",115.733946667,-35.0268333333,306.3,9.8,"2020-11-15 01:24:52","2020TankerNov100"
"20250671588",115.55806,-34.9301966667,280,10,"2020-11-15 02:29:52","2020TankerNov100"
"20250671588",115.367756667,-34.8467266667,313.1,9.9,"2020-11-15 03:34:52","2020TankerNov100"
"20250671588",115.2,-34.7228066667,310.8,9.8,"2020-11-15 04:39:51","2020TankerNov100"
"20250671588",115.040105,-34.628725,303.7,9.8,"2020-11-15 05:39:51","2020TankerNov100"
"20250671588",114.890638333,-34.528275,307.3,9.5,"2020-11-15 06:39:52","2020TankerNov100"
"20250671588",114.77846,-34.39079,348.7,10.4,"2020-11-15 07:44:52","2020TankerNov100"
"20250671588",114.721863333,-34.2135716667,344.7,11.1,"2020-11-15 08:44:52","2020TankerNov100"
"20250671588",114.66186,-34.0140533333,346.3,11.7,"2020-11-15 09:49:51","2020TankerNov100"
"20250671588",114.610801667,-33.8223316667,343.5,11.3,"2020-11-15 10:49:51","2020TankerNov100"
"20250671588",114.520915,-33.6500233333,341.9,11.4,"2020-11-15 11:49:52","2020TankerNov100"
"20250671588",114.433538333,-33.4643866667,338.6,10.9,"2020-11-15 12:54:52","2020TankerNov100"
"20250671588",114.362165,-33.2948116667,341.5,10.8,"2020-11-15 13:54:52","2020TankerNov100"
"20250671588",114.284878333,-33.1161083333,340.7,11.2,"2020-11-15 14:58:02","2020TankerNov100"
"20250671588",114.239878333,-32.9275383333,348.6,11.4,"2020-11-15 15:59:12","2020TankerNov100"
"20250671588",114.115655,-32.7049066667,335.9,11.7,"2020-11-15 17:18:22","2020TankerNov100"
"20250671588",114.026205,-32.483335,342.4,12,"2020-11-15 18:29:22","2020TankerNov100"
"20250671588",113.932831667,-32.2830466667,339.4,11.5,"2020-11-15 19:36:02","2020TankerNov100"
"20250671588",113.82462,-32.0500233333,340.6,11.4,"2020-11-15 20:54:43","2020TankerNov100"
"20250671588",113.750998333,-31.8568033333,344.2,11.4,"2020-11-15 21:58:41","2020TankerNov100"
"20250671588",113.682521667,-31.67072,343,11.2,"2020-11-15 22:59:52","2020TankerNov100"
"20250671588",113.605026667,-31.4831216667,340.6,12.8,"2020-11-16 00:01:32","2020TankerNov100"
"20250671588",113.509676667,-31.27003,337.5,13.4,"2020-11-16 01:02:52","2020TankerNov100"
"20250671588",113.416276667,-31.03816,341.7,13.5,"2020-11-16 02:09:21","2020TankerNov100"
"20250671588",113.293911667,-30.7487866667,340.3,13.5,"2020-11-16 03:31:22","2020TankerNov100"
"20250671588",113.187238333,-30.4907083333,339,14.1,"2020-11-16 04:41:56","2020TankerNov100"
"20250671588",113.082626667,-30.2298816667,347.9,13.4,"2020-11-16 05:53:37","2020TankerNov100"
"20250671588",112.980795,-30.013295,339.7,14.2,"2020-11-16 06:55:00","2020TankerNov100"
"20250671588",112.873221667,-29.7401666667,337.7,13.9,"2020-11-16 08:09:04","2020TankerNov100"
"20250671588",112.73981,-29.41331,341.3,14.1,"2020-11-16 09:37:39","2020TankerNov100"
"20250671588",112.637866667,-29.1332016667,343.4,14.3,"2020-11-16 10:52:04","2020TankerNov100"
"20250671588",112.514363333,-28.8522533333,337.4,14.6,"2020-11-16 12:06:57","2020TankerNov100"
"20250671588",112.384306667,-28.5621916667,337.3,14.2,"2020-11-16 13:24:39","2020TankerNov100"
"20250671588",112.272726667,-28.29228,340.9,14.6,"2020-11-16 14:37:10","2020TankerNov100"
"20250671588",112.190148333,-28.054675,352.7,14.1,"2020-11-16 15:39:52","2020TankerNov100"
"20250671588",112.171995,-27.797795,355.6,14.1,"2020-11-16 16:44:58","2020TankerNov100"
"20250671588",112.157561667,-27.54836,2.3,13.9,"2020-11-16 17:49:39","2020TankerNov100"
"20250671588",112.164016667,-27.3104716667,359,14.6,"2020-11-16 18:49:58","2020TankerNov100"
"20250671588",112.164741667,-27.0425266667,359.9,14.7,"2020-11-16 19:54:57","2020TankerNov100"
"20250671588",112.167671667,-26.78943,0.4,13.6,"2020-11-16 20:59:50","2020TankerNov100"
"20250671588",112.166671667,-26.549445,0.6,13.2,"2020-11-16 22:03:29","2020TankerNov100"
"20250671588",112.165701667,-26.3216116667,359.9,13.6,"2020-11-16 23:04:48","2020TankerNov100"
"20250671588",112.168441667,-26.091935,2.1,13.8,"2020-11-17 00:04:59","2020TankerNov100"
"20250671588",112.171386667,-25.84152,359.9,14,"2020-11-17 01:09:48","2020TankerNov100"
"20250671588",112.162443333,-25.6064833333,1.6,14.1,"2020-11-17 02:09:53","2020TankerNov100"
"20250671588",112.167085,-25.371505,2.7,14.2,"2020-11-17 03:09:54","2020TankerNov100"
"20250671588",112.166695,-25.1332116667,359.8,14.2,"2020-11-17 04:09:55","2020TankerNov100"
"20250671588",112.157303333,-24.878515,357.7,13.9,"2020-11-17 05:14:25","2020TankerNov100"
"20250671588",112.165093333,-24.6469766667,0.8,13.5,"2020-11-17 06:14:55","2020TankerNov100"
"20250671588",112.169023333,-24.4203233333,0.3,13.7,"2020-11-17 07:14:57","2020TankerNov100"
"20250671588",112.17433,-24.16998,0.6,14,"2020-11-17 08:19:49","2020TankerNov100"
"20250671588",112.172771667,-23.9389333333,356.5,13.8,"2020-11-17 09:19:57","2020TankerNov100"
"20250671588",112.166898333,-23.70813,1.3,13.5,"2020-11-17 10:19:59","2020TankerNov100"
"20250671588",112.167688333,-23.462755,359.2,13.8,"2020-11-17 11:24:59","2020TankerNov100"
"20250671588",112.172203333,-23.23466,1.2,13.9,"2020-11-17 12:25:00","2020TankerNov100"
"20250671588",112.16913,-22.985075,359.5,14.1,"2020-11-17 13:29:57","2020TankerNov100"
"20250671588",112.165095,-22.749095,359.5,14.3,"2020-11-17 14:29:57","2020TankerNov100"
"20250671588",112.165548333,-22.48987,1,14.4,"2020-11-17 15:34:57","2020TankerNov100"
"20250671588",112.163791667,-22.2508983333,358,14.4,"2020-11-17 16:34:57","2020TankerNov100"
"20250671588",112.156205,-21.9905516667,358.6,14.4,"2020-11-17 17:39:45","2020TankerNov100"
"20250671588",112.154243333,-21.7516666667,2,14.1,"2020-11-17 18:39:57","2020TankerNov100"
"20250671588",112.16155,-21.515635,3.2,14,"2020-11-17 19:39:57","2020TankerNov100"
"20250671588",112.166246667,-21.2795766667,358.8,14.2,"2020-11-17 20:39:57","2020TankerNov100"
"20250671588",112.168355,-21.04058,359.4,14.6,"2020-11-17 21:39:57","2020TankerNov100"
"20250671588",112.167951667,-20.7954816667,359.3,14.4,"2020-11-17 22:39:57","2020TankerNov100"
"20250671588",112.166811667,-20.553195,1.5,14.2,"2020-11-17 23:39:58","2020TankerNov100"
"20250671588",112.170796667,-20.3129616667,1.3,14.6,"2020-11-18 00:39:58","2020TankerNov100"
"20250671588",112.171493333,-20.0684683333,359,14.4,"2020-11-18 01:39:58","2020TankerNov100"
"20250671588",112.223515,-19.8145183333,13.9,14.5,"2020-11-18 02:44:56","2020TankerNov100"
"20250671588",112.297618333,-19.5875616667,18.2,13.9,"2020-11-18 03:44:57","2020TankerNov100"
"20250671588",112.362798333,-19.402695,18.9,10.1,"2020-11-18 04:44:59","2020TankerNov100"
"20250671588",112.417701667,-19.2414166667,17,9.3,"2020-11-18 05:44:59","2020TankerNov100"
"20250671588",112.47236,-19.0826883333,18.8,10.8,"2020-11-18 06:44:59","2020TankerNov100"
"20250671588",112.52613,-18.9046566667,15.2,9.7,"2020-11-18 07:49:57","2020TankerNov100"
"20250671588",112.572051667,-18.7446783333,15.2,9.9,"2020-11-18 08:49:58","2020TankerNov100"
"20250671588",112.622083333,-18.582385,16.5,10.1,"2020-11-18 09:49:58","2020TankerNov100"
"20250671588",112.672905,-18.4176783333,16,10.3,"2020-11-18 10:49:58","2020TankerNov100"
"20250671588",112.731331667,-18.23838,21,10.4,"2020-11-18 11:54:58","2020TankerNov100"
"20250671588",112.795995,-18.072715,19.4,10.9,"2020-11-18 12:54:59","2020TankerNov100"
"20250671588",112.85263,-17.89836,15.7,11.3,"2020-11-18 13:54:59","2020TankerNov100"
"20250671588",112.909881667,-17.70467,16.4,11.2,"2020-11-18 14:59:58","2020TankerNov100"
"20250671588",112.964258333,-17.5270733333,17.1,11.2,"2020-11-18 15:59:58","2020TankerNov100"
"20250671588",113.021345,-17.34874,17.5,11.1,"2020-11-18 16:59:59","2020TankerNov100"
"20250671588",113.076121667,-17.1739983333,17.7,10.6,"2020-11-18 17:59:59","2020TankerNov100"
"20250671588",113.138638333,-16.9910333333,17.7,10.6,"2020-11-18 19:04:58","2020TankerNov100"
"20250671588",113.197726667,-16.82067,18.6,11.2,"2020-11-18 20:04:59","2020TankerNov100"
"20250671588",113.25438,-16.6476933333,14.2,10.7,"2020-11-18 21:04:59","2020TankerNov100"
"20250671588",113.311618333,-16.468315,15.8,10.7,"2020-11-18 22:09:58","2020TankerNov100"
"20250671588",113.361745,-16.29733,16,10.9,"2020-11-18 23:09:58","2020TankerNov100"
"20250671588",113.393801667,-16.1256166667,22.5,11,"2020-11-19 00:09:58","2020TankerNov100"
"20250671588",113.477318333,-15.9683366667,27.5,10,"2020-11-19 01:09:59","2020TankerNov100"
"20250671588",113.535051667,-15.756495,18.9,14.4,"2020-11-19 02:14:54","2020TankerNov100"
"20250671588",113.619361667,-15.5201433333,18.9,15.8,"2020-11-19 03:15:00","2020TankerNov100"
"20250671588",113.688865,-15.2931333333,16,9.8,"2020-11-19 04:19:56","2020TankerNov100"
"END",NA,NA,NA,NA,NA,"NA"
"20327879961",114.285263333,-15.1242866667,190.6,12.3,"2020-11-16 11:09:51","2020TankerNov101"
"20327879961",114.238741667,-15.3395816667,193,11.9,"2020-11-16 12:14:51","2020TankerNov101"
"20327879961",114.193066667,-15.5335216667,193.1,11.8,"2020-11-16 13:14:52","2020TankerNov101"
"20327879961",114.144995,-15.7209133333,189.5,11.4,"2020-11-16 14:14:52","2020TankerNov101"
"20327879961",114.1035,-15.9279816667,193.6,12,"2020-11-16 15:19:51","2020TankerNov101"
"20327879961",114.057606667,-16.121975,194.1,11.8,"2020-11-16 16:19:52","2020TankerNov101"
"20327879961",114.010241667,-16.3384483333,191.2,12.2,"2020-11-16 17:24:50","2020TankerNov101"
"20327879961",113.967056667,-16.5363483333,191.3,12.1,"2020-11-16 18:24:52","2020TankerNov101"
"20327879961",113.91865,-16.74533,192.8,11.7,"2020-11-16 19:29:51","2020TankerNov101"
"20327879961",113.874268333,-16.9329233333,192,11.3,"2020-11-16 20:29:51","2020TankerNov101"
"20327879961",113.83724,-17.1162083333,190.4,10.9,"2020-11-16 21:29:51","2020TankerNov101"
"20327879961",113.794683333,-17.2938066667,194.6,10.8,"2020-11-16 22:29:51","2020TankerNov101"
"20327879961",113.747176667,-17.4761,193.9,11.4,"2020-11-16 23:29:52","2020TankerNov101"
"20327879961",113.699725,-17.660455,192.5,11.5,"2020-11-17 00:29:52","2020TankerNov101"
"20327879961",113.655011667,-17.8650516667,191.1,11.9,"2020-11-17 01:34:51","2020TankerNov101"
"20327879961",113.616693333,-18.0581433333,190.2,11.8,"2020-11-17 02:34:51","2020TankerNov101"
"20327879961",113.577563333,-18.2510366667,192.5,11.8,"2020-11-17 03:34:52","2020TankerNov101"
"20327879961",113.534891667,-18.4466266667,193.7,12.3,"2020-11-17 04:34:54","2020TankerNov101"
"20327879961",113.4866,-18.661605,190.3,12.3,"2020-11-17 05:39:51","2020TankerNov101"
"20327879961",113.439531667,-18.8780966667,191.4,12,"2020-11-17 06:44:50","2020TankerNov101"
"20327879961",113.390405,-19.0787733333,194.3,12.5,"2020-11-17 07:44:51","2020TankerNov101"
"20327879961",113.347111667,-19.2876116667,194.3,12.6,"2020-11-17 08:44:51","2020TankerNov101"
"20327879961",113.298638333,-19.4969783333,191.1,12.5,"2020-11-17 09:44:51","2020TankerNov101"
"20327879961",113.25366,-19.70288,192.8,12.6,"2020-11-17 10:44:52","2020TankerNov101"
"20327879961",113.199151667,-19.9253166667,194,12.4,"2020-11-17 11:49:52","2020TankerNov101"
"20327879961",113.148441667,-20.1442616667,191.4,12.3,"2020-11-17 12:54:51","2020TankerNov101"
"20327879961",113.106021667,-20.3484733333,190.6,12.7,"2020-11-17 13:54:52","2020TankerNov101"
"20327879961",113.057065,-20.5746516667,192.3,12.5,"2020-11-17 14:59:52","2020TankerNov101"
"20327879961",113.004071667,-20.79643,193.5,12.5,"2020-11-17 16:04:52","2020TankerNov101"
"20327879961",112.952371667,-21.0038483333,191.6,12.8,"2020-11-17 17:04:52","2020TankerNov101"
"20327879961",112.905086667,-21.2131783333,191.8,12.6,"2020-11-17 18:04:54","2020TankerNov101"
"20327879961",112.852685,-21.4407333333,192.1,12.5,"2020-11-17 19:09:52","2020TankerNov101"
"20327879961",112.800551667,-21.6636716667,192.8,12.3,"2020-11-17 20:14:52","2020TankerNov101"
"20327879961",112.75222,-21.8831233333,192.4,12.1,"2020-11-17 21:19:50","2020TankerNov101"
"20327879961",112.700086667,-22.08098,194.1,11.9,"2020-11-17 22:19:52","2020TankerNov101"
"20327879961",112.644343333,-22.29161,194.2,11.8,"2020-11-17 23:24:52","2020TankerNov101"
"20327879961",112.602106667,-22.50008,189.1,11.8,"2020-11-18 00:29:50","2020TankerNov101"
"20327879961",112.571616667,-22.694075,190.2,11.6,"2020-11-18 01:29:51","2020TankerNov101"
"20327879961",112.520553333,-22.8837366667,194.2,11.9,"2020-11-18 02:29:51","2020TankerNov101"
"20327879961",112.464716667,-23.09275,194.7,12,"2020-11-18 03:34:51","2020TankerNov101"
"20327879961",112.421251667,-23.29093,188.9,12.2,"2020-11-18 04:34:51","2020TankerNov101"
"20327879961",112.373711667,-23.50998,193,12.4,"2020-11-18 05:39:51","2020TankerNov101"
"20327879961",112.317291667,-23.73268,192.6,12.5,"2020-11-18 06:44:50","2020TankerNov101"
"20327879961",112.266843333,-23.94207,193,12.8,"2020-11-18 07:44:51","2020TankerNov101"
"20327879961",112.215271667,-24.1672416667,191.2,13,"2020-11-18 08:49:50","2020TankerNov101"
"20327879961",112.167988333,-24.3790366667,191.3,12.7,"2020-11-18 09:49:51","2020TankerNov101"
"20327879961",112.110351667,-24.6010466667,193.2,12.4,"2020-11-18 10:54:40","2020TankerNov101"
"20327879961",112.057726667,-24.803315,191,12.4,"2020-11-18 11:54:41","2020TankerNov101"
"20327879961",112.005036667,-25.0251533333,194.2,12.4,"2020-11-18 12:59:39","2020TankerNov101"
"20327879961",111.964676667,-25.2303016667,189.5,12.4,"2020-11-18 13:59:50","2020TankerNov101"
"20327879961",111.92308,-25.43349,187.6,12.1,"2020-11-18 14:59:50","2020TankerNov101"
"20327879961",111.999936667,-25.6485166667,164.5,12.6,"2020-11-18 16:04:50","2020TankerNov101"
"20327879961",112.063336667,-25.8490533333,164.2,12.3,"2020-11-18 17:04:50","2020TankerNov101"
"20327879961",112.137645,-26.0516516667,161.2,12.5,"2020-11-18 18:06:02","2020TankerNov101"
"20327879961",112.21839,-26.2632,159.8,12.5,"2020-11-18 19:09:50","2020TankerNov101"
"20327879961",112.294365,-26.4680116667,163,12.8,"2020-11-18 20:11:30","2020TankerNov101"
"20327879961",112.370136667,-26.69177,163.8,13.2,"2020-11-18 21:15:52","2020TankerNov101"
"20327879961",112.454178333,-26.95069,159.1,13.1,"2020-11-18 22:29:40","2020TankerNov101"
"20327879961",112.545938333,-27.1945866667,158.8,13.3,"2020-11-18 23:39:01","2020TankerNov101"
"20327879961",112.642563333,-27.4101433333,158.5,13,"2020-11-19 00:41:31","2020TankerNov101"
"20327879961",112.72303,-27.6469916667,162.4,13.1,"2020-11-19 01:49:20","2020TankerNov101"
"20327879961",112.802053333,-27.8801383333,161,13.1,"2020-11-19 02:57:41","2020TankerNov101"
"20327879961",112.897656667,-28.0965916667,154.9,12.4,"2020-11-19 04:03:33","2020TankerNov101"
"20327879961",112.995083333,-28.3360533333,161.4,12.8,"2020-11-19 05:16:12","2020TankerNov101"
"20327879961",113.08542,-28.5659433333,158.8,12.7,"2020-11-19 06:24:52","2020TankerNov101"
"20327879961",113.159931667,-28.7714016667,163.2,12.3,"2020-11-19 07:27:11","2020TankerNov101"
"20327879961",113.232076667,-28.9729483333,162.9,12.4,"2020-11-19 08:28:21","2020TankerNov101"
"20327879961",113.316583333,-29.1907083333,159.2,12.5,"2020-11-19 09:34:19","2020TankerNov101"
"20327879961",113.392855,-29.396975,160.8,12.2,"2020-11-19 10:37:31","2020TankerNov101"
"20327879961",113.470585,-29.5962283333,163.1,11.9,"2020-11-19 11:40:30","2020TankerNov101"
"20327879961",113.547855,-29.8099933333,162.7,12,"2020-11-19 12:47:41","2020TankerNov101"
"20327879961",113.647248333,-30.0748183333,169.2,13,"2020-11-19 14:07:22","2020TankerNov101"
"20327879961",113.744736667,-30.3001016667,159.2,12.8,"2020-11-19 15:14:02","2020TankerNov101"
"20327879961",113.840335,-30.52412,162.7,11.7,"2020-11-19 16:22:51","2020TankerNov101"
"20327879961",113.925915,-30.7471283333,163.6,11.7,"2020-11-19 17:34:31","2020TankerNov101"
"20327879961",113.990973333,-30.94103,162.1,11.1,"2020-11-19 18:38:01","2020TankerNov101"
"20327879961",114.126058333,-31.09779,123.4,12.1,"2020-11-19 19:41:40","2020TankerNov101"
"20327879961",114.385411667,-31.2516116667,120.3,11.9,"2020-11-19 21:02:10","2020TankerNov101"
"20327879961",114.589896667,-31.3627333333,126,11.9,"2020-11-19 22:04:51","2020TankerNov101"
"20327879961",114.788035,-31.460605,121.7,12,"2020-11-19 23:04:51","2020TankerNov101"
"20327879961",115.005801667,-31.5812866667,121.9,12.3,"2020-11-20 00:09:51","2020TankerNov101"
"20327879961",115.226661667,-31.699395,121.1,12.2,"2020-11-20 01:14:50","2020TankerNov101"
"20327879961",115.406715,-31.7999133333,117.5,6.2,"2020-11-20 02:14:51","2020TankerNov101"
"20327879961",115.59474,-31.8555383333,108.7,11.7,"2020-11-20 03:14:51","2020TankerNov101"
"20327879961",115.66832,-31.9079233333,20.1,0.1,"2020-11-20 04:19:51","2020TankerNov101"
"20327879961",115.670241667,-31.9070766667,184.7,0.1,"2020-11-20 05:23:49","2020TankerNov101"
"20327879961",115.67015,-31.9065483333,349.3,0.1,"2020-11-20 06:23:53","2020TankerNov101"
"END",NA,NA,NA,NA,NA,"NA"
"20908516557",115.997478333,-35.1795916667,308.7,12.2,"2020-11-05 04:14:52","2020TankerNov102"
"20908516557",115.794951667,-35.0602816667,307.2,12.5,"2020-11-05 05:14:55","2020TankerNov102"
"20908516557",115.56956,-34.92932,302.2,12.8,"2020-11-05 06:19:53","2020TankerNov102"
"20908516557",115.333885,-34.7958583333,305.8,13.3,"2020-11-05 07:24:52","2020TankerNov102"
"20908516557",115.11251,-34.66593,302.9,13.4,"2020-11-05 08:24:59","2020TankerNov102"
"20908516557",114.87606,-34.52892,307.1,12.7,"2020-11-05 09:29:53","2020TankerNov102"
"20908516557",114.749175,-34.329115,342.8,13,"2020-11-05 10:34:51","2020TankerNov102"
"20908516557",114.68554,-34.120205,352.6,12.8,"2020-11-05 11:34:52","2020TankerNov102"
"20908516557",114.646805,-33.8866833333,349.5,13.1,"2020-11-05 12:39:51","2020TankerNov102"
"20908516557",114.597553333,-33.6727116667,350.2,13.1,"2020-11-05 13:39:52","2020TankerNov102"
"20908516557",114.539548333,-33.4560733333,346.5,13.5,"2020-11-05 14:39:54","2020TankerNov102"
"20908516557",114.478705,-33.2243533333,347.7,12.9,"2020-11-05 15:44:54","2020TankerNov102"
"20908516557",114.424045,-33.004395,348,12,"2020-11-05 16:49:53","2020TankerNov102"
"20908516557",114.360583333,-32.7470433333,347.4,11.9,"2020-11-05 18:08:23","2020TankerNov102"
"20908516557",114.302858333,-32.5181516667,346.4,11.8,"2020-11-05 19:18:20","2020TankerNov102"
"20908516557",114.247428333,-32.295965,348.3,11.9,"2020-11-05 20:27:03","2020TankerNov102"
"20908516557",114.19033,-32.0623283333,349.9,12,"2020-11-05 21:39:13","2020TankerNov102"
"20908516557",114.134448333,-31.8375133333,348.5,12.2,"2020-11-05 22:48:32","2020TankerNov102"
"20908516557",114.088771667,-31.6275016667,346.2,12,"2020-11-05 23:51:53","2020TankerNov102"
"20908516557",114.025551667,-31.399225,348.2,11.1,"2020-11-06 01:05:44","2020TankerNov102"
"20908516557",113.97646,-31.1980016667,347.1,11.5,"2020-11-06 02:11:51","2020TankerNov102"
"20908516557",113.930941667,-31.0059733333,348.1,11.6,"2020-11-06 03:13:51","2020TankerNov102"
"20908516557",113.87679,-30.79289,348.2,12.7,"2020-11-06 04:18:33","2020TankerNov102"
"20908516557",113.828935,-30.5782766667,347.5,12.8,"2020-11-06 05:19:43","2020TankerNov102"
"20908516557",113.759681667,-30.30081,348.2,13,"2020-11-06 06:39:33","2020TankerNov102"
"20908516557",113.69385,-30.0391583333,354.7,12.8,"2020-11-06 07:54:41","2020TankerNov102"
"20908516557",113.640093333,-29.8284116667,349.4,12.5,"2020-11-06 08:56:48","2020TankerNov102"
"20908516557",113.582896667,-29.5886616667,349.3,12.2,"2020-11-06 10:07:51","2020TankerNov102"
"20908516557",113.531046667,-29.3700133333,347.5,12.5,"2020-11-06 11:13:53","2020TankerNov102"
"20908516557",113.4910583335,-29.19715666665,347.5,12.65,"2020-11-06 12:04:32","2020TankerNov102"
"20908516557",113.45107,-29.0243,347.5,12.8,"2020-11-06 12:54:32","2020TankerNov102"
"20908516557",113.397461667,-28.7951483333,345.4,13,"2020-11-06 13:59:53","2020TankerNov102"
"20908516557",113.337261667,-28.57112,347.8,13.1,"2020-11-06 15:03:13","2020TankerNov102"
"20908516557",113.286861667,-28.352125,349.6,13.2,"2020-11-06 16:04:12","2020TankerNov102"
"20908516557",113.23179,-28.11869,348.3,12.9,"2020-11-06 17:09:32","2020TankerNov102"
"20908516557",113.18043,-27.896275,348.45,12.7,"2020-11-06 18:13:12","2020TankerNov102"
"20908516557",113.113128333,-27.6227933333,348.6,12.5,"2020-11-06 19:31:32","2020TankerNov102"
"20908516557",113.059866667,-27.3910316667,348.8,11.8,"2020-11-06 20:42:12","2020TankerNov102"
"20908516557",113.009986667,-27.185375,351.2,11.6,"2020-11-06 21:48:03","2020TankerNov102"
"20908516557",112.95765,-26.9570716667,347.3,11.8,"2020-11-06 22:59:00","2020TankerNov102"
"20908516557",112.898431667,-26.7400416667,352.7,12.5,"2020-11-07 00:05:44","2020TankerNov102"
"20908516557",112.847506667,-26.4926716667,347.5,12.2,"2020-11-07 01:18:33","2020TankerNov102"
"20908516557",112.79927,-26.2772816667,348.5,12.6,"2020-11-07 02:22:22","2020TankerNov102"
"20908516557",112.722165,-25.964995,347.7,12.8,"2020-11-07 03:52:13","2020TankerNov102"
"20908516557",112.660363333,-25.69064,347.3,12.9,"2020-11-07 05:09:42","2020TankerNov102"
"20908516557",112.66315,-25.4424016667,10.2,13.1,"2020-11-07 06:19:13","2020TankerNov102"
"20908516557",112.713098333,-25.19752,11.7,12.8,"2020-11-07 07:28:23","2020TankerNov102"
"20908516557",112.7493341665,-25.01609166665,11.75,13.3,"2020-11-07 08:19:15","2020TankerNov102"
"20908516557",112.78557,-24.8346633333,11.8,13.8,"2020-11-07 09:08:15","2020TankerNov102"
"20908516557",112.838755,-24.58647,12.9,13.1,"2020-11-07 10:14:35","2020TankerNov102"
"20908516557",112.884088333,-24.3571216667,12.4,13.05,"2020-11-07 11:18:17","2020TankerNov102"
"20908516557",112.93134,-24.1365866667,11.9,13,"2020-11-07 12:19:56","2020TankerNov102"
"20908516557",112.978048333,-23.9042133333,12.1,13.1,"2020-11-07 13:24:55","2020TankerNov102"
"20908516557",113.022003333,-23.6920533333,10.1,12.8,"2020-11-07 14:24:55","2020TankerNov102"
"20908516557",113.064615,-23.482725,11.7,13,"2020-11-07 15:24:56","2020TankerNov102"
"20908516557",113.106013333,-23.2545583333,8.4,12.9,"2020-11-07 16:29:56","2020TankerNov102"
"20908516557",113.15473,-23.0217583333,10.8,13.5,"2020-11-07 17:34:56","2020TankerNov102"
"20908516557",113.198653333,-22.8026933333,11,13.3,"2020-11-07 18:34:56","2020TankerNov102"
"20908516557",113.24144,-22.5864783333,9.4,13,"2020-11-07 19:34:57","2020TankerNov102"
"20908516557",113.282836667,-22.3525483333,8,13.1,"2020-11-07 20:39:56","2020TankerNov102"
"20908516557",113.328508333,-22.119935,8.3,12.9,"2020-11-07 21:44:57","2020TankerNov102"
"20908516557",113.372733333,-21.8885216667,11.3,12.9,"2020-11-07 22:49:57","2020TankerNov102"
"20908516557",113.413423333,-21.67979,8.8,12.3,"2020-11-07 23:49:57","2020TankerNov102"
"20908516557",113.445675,-21.4530933333,12.5,12.9,"2020-11-08 00:54:47","2020TankerNov102"
"20908516557",113.494096667,-21.2427833333,9.2,12.6,"2020-11-08 01:54:55","2020TankerNov102"
"20908516557",113.533033333,-21.03144,8.7,12.7,"2020-11-08 02:54:57","2020TankerNov102"
"20908516557",113.573076667,-20.8210466667,10.1,12.8,"2020-11-08 03:54:57","2020TankerNov102"
"20908516557",113.61602,-20.5943983333,11.5,12.6,"2020-11-08 04:59:57","2020TankerNov102"
"20908516557",113.657223333,-20.3739483333,10.5,12.5,"2020-11-08 06:04:56","2020TankerNov102"
"20908516557",113.700126667,-20.1711216667,11.7,12.3,"2020-11-08 07:04:57","2020TankerNov102"
"20908516557",113.733948333,-19.968475,11.2,12.4,"2020-11-08 08:04:58","2020TankerNov102"
"20908516557",113.773321667,-19.7460466667,8.6,12.4,"2020-11-08 09:09:57","2020TankerNov102"
"20908516557",113.814556667,-19.5242083333,8.4,12.4,"2020-11-08 10:14:57","2020TankerNov102"
"20908516557",113.854328333,-19.3183433333,10.3,12.5,"2020-11-08 11:14:57","2020TankerNov102"
"20908516557",113.894703333,-19.0913816667,9.8,12.6,"2020-11-08 12:19:56","2020TankerNov102"
"20908516557",113.93426,-18.8826566667,10.9,12.6,"2020-11-08 13:19:56","2020TankerNov102"
"20908516557",113.976453333,-18.6520733333,9.8,13.2,"2020-11-08 14:24:46","2020TankerNov102"
"20908516557",114.015796667,-18.4359333333,14.4,13,"2020-11-08 15:24:46","2020TankerNov102"
"20908516557",114.057416667,-18.2214166667,2.8,13.3,"2020-11-08 16:24:57","2020TankerNov102"
"20908516557",114.096106667,-17.9828233333,8.9,13,"2020-11-08 17:29:57","2020TankerNov102"
"20908516557",114.137248333,-17.76314,8.6,13.4,"2020-11-08 18:29:57","2020TankerNov102"
"20908516557",114.188936667,-17.4681383333,10.2,13.2,"2020-11-08 19:49:56","2020TankerNov102"
"20908516557",114.228305,-17.2545916667,8.6,13,"2020-11-08 20:49:57","2020TankerNov102"
"20908516557",114.27013,-17.02043,8.7,13.1,"2020-11-08 21:54:57","2020TankerNov102"
"20908516557",114.311351667,-16.78592,7.5,12.7,"2020-11-08 22:59:55","2020TankerNov102"
"20908516557",114.351806667,-16.5511116667,9.8,13.2,"2020-11-09 00:04:56","2020TankerNov102"
"20908516557",114.388991667,-16.331265,11.4,13.5,"2020-11-09 01:04:57","2020TankerNov102"
"20908516557",114.441213333,-16.0925166667,10.6,13.8,"2020-11-09 02:09:47","2020TankerNov102"
"20908516557",114.474981667,-15.8643916667,6.4,13.4,"2020-11-09 03:09:51","2020TankerNov102"
"20908516557",114.510965,-15.643615,9.9,13.2,"2020-11-09 04:10:00","2020TankerNov102"
"20908516557",114.554508333,-15.4039883333,11.8,13.4,"2020-11-09 05:14:50","2020TankerNov102"
"END",NA,NA,NA,NA,NA,"NA"
"21311260354",105.082751667,-33.2279783333,92.2,10.8,"2020-11-09 05:21:33","2020TankerNov103"
"21311260354",105.315985,-33.229355,89.7,11.1,"2020-11-09 06:26:53","2020TankerNov103"
"21311260354",105.564281667,-33.2248866667,86.6,11,"2020-11-09 07:35:43","2020TankerNov103"
"21311260354",105.86754,-33.2138516667,85.8,10.9,"2020-11-09 09:00:52","2020TankerNov103"
"21311260354",106.107695,-33.2050366667,89.2,10.6,"2020-11-09 10:08:12","2020TankerNov103"
"21311260354",106.36889,-33.1980083333,87.4,10.7,"2020-11-09 11:21:32","2020TankerNov103"
"21311260354",106.596318333,-33.1885383333,89.2,10.9,"2020-11-09 12:24:43","2020TankerNov103"
"21311260354",106.784808333,-33.1872525,89.05,11,"2020-11-09 13:16:11","2020TankerNov103"
"21311260354",106.973298333,-33.1859666667,88.9,11.1,"2020-11-09 14:07:11","2020TankerNov103"
"21311260354",107.212088333,-33.1838733333,87.1,11.2,"2020-11-09 15:12:43","2020TankerNov103"
"21311260354",107.455248333,-33.1809866667,86.7,10.6,"2020-11-09 16:18:43","2020TankerNov103"
"21311260354",107.6167675,-33.1741191667,87.7,10.75,"2020-11-09 17:04:23","2020TankerNov103"
"21311260354",107.778286667,-33.1672516667,88.7,10.9,"2020-11-09 17:49:23","2020TankerNov103"
"21311260354",108.033791667,-33.1665416667,91.2,11,"2020-11-09 19:00:13","2020TankerNov103"
"21311260354",108.281898333,-33.1649083333,87.8,10.7,"2020-11-09 20:08:52","2020TankerNov103"
"21311260354",108.537875,-33.1533016667,84.7,11.4,"2020-11-09 21:18:52","2020TankerNov103"
"21311260354",108.788986667,-33.1407616667,90.4,11.2,"2020-11-09 22:26:33","2020TankerNov103"
"21311260354",109.04451,-33.1401166667,93.9,11,"2020-11-09 23:36:22","2020TankerNov103"
"21311260354",109.270533333,-33.1448183333,86.2,11.2,"2020-11-10 00:39:13","2020TankerNov103"
"21311260354",109.527291667,-33.1314633333,85,11,"2020-11-10 01:49:43","2020TankerNov103"
"21311260354",109.74609,-33.12156,90.2,10.9,"2020-11-10 02:50:02","2020TankerNov103"
"21311260354",109.963281667,-33.1232016667,89.2,10.9,"2020-11-10 03:51:23","2020TankerNov103"
"21311260354",110.202795,-33.1211216667,88.4,10.6,"2020-11-10 04:59:33","2020TankerNov103"
"21311260354",110.425986667,-33.1181533333,88.5,10.5,"2020-11-10 06:02:42","2020TankerNov103"
"21311260354",110.708761667,-33.1122383333,88.8,9.7,"2020-11-10 07:26:23","2020TankerNov103"
"21311260354",110.943958333,-33.1057516667,85.3,10.3,"2020-11-10 08:38:34","2020TankerNov103"
"21311260354",111.180265,-33.0990116667,84.3,10.4,"2020-11-10 09:48:34","2020TankerNov103"
"21311260354",111.411538333,-33.0821733333,87.9,11.3,"2020-11-10 10:53:02","2020TankerNov103"
"21311260354",111.683973333,-33.07438,89.9,12.1,"2020-11-10 12:04:02","2020TankerNov103"
"21311260354",112.001926667,-33.0856633333,94.2,12.8,"2020-11-10 13:22:42","2020TankerNov103"
"21311260354",112.255936667,-33.0885683333,88,12.4,"2020-11-10 14:24:03","2020TankerNov103"
"21311260354",112.564836667,-33.074635,83.7,12.6,"2020-11-10 15:38:32","2020TankerNov103"
"21311260354",112.866425,-33.0580383333,85.8,12.5,"2020-11-10 16:50:12","2020TankerNov103"
"21311260354",113.161611667,-33.0474966667,87.2,11.8,"2020-11-10 18:03:53","2020TankerNov103"
"21311260354",113.381266667,-33.0428066667,91.5,10.2,"2020-11-10 19:04:21","2020TankerNov103"
"21311260354",113.647383333,-33.026685,99.1,10.4,"2020-11-10 20:20:33","2020TankerNov103"
"21311260354",113.897088333,-33.0349916667,81.6,11,"2020-11-10 21:33:24","2020TankerNov103"
"21311260354",114.16656,-33.0173783333,87.2,10.8,"2020-11-10 22:48:11","2020TankerNov103"
"21311260354",114.396565,-32.9995133333,89.4,11.3,"2020-11-10 23:49:51","2020TankerNov103"
"21311260354",114.624008333,-33.0136633333,96.2,11.4,"2020-11-11 00:49:51","2020TankerNov103"
"21311260354",114.857655,-33.017705,87.7,12.4,"2020-11-11 01:49:52","2020TankerNov103"
"21311260354",115.107725,-33.05239,110,11.8,"2020-11-11 02:54:51","2020TankerNov103"
"21311260354",115.329096667,-33.1243333333,110.2,11.9,"2020-11-11 03:54:52","2020TankerNov103"
"21311260354",115.520111667,-33.1884483333,115.3,6.6,"2020-11-11 04:54:52","2020TankerNov103"
"21311260354",115.594285,-33.2295333333,132,4.3,"2020-11-11 05:54:53","2020TankerNov103"
"END",NA,NA,NA,NA,NA,"NA"
"21311260354",115.665703333,-33.3218783333,210.9,0.2,"2020-11-12 12:04:54","2020TankerNov104"
"21311260354",115.622195,-33.2451666667,313.4,10.3,"2020-11-12 13:04:54","2020TankerNov104"
"21311260354",115.467961667,-33.121685,314.4,10.7,"2020-11-12 14:04:54","2020TankerNov104"
"21311260354",115.361315,-32.9729616667,331.3,10.5,"2020-11-12 15:04:54","2020TankerNov104"
"21311260354",115.26381,-32.814845,329.3,11,"2020-11-12 16:04:54","2020TankerNov104"
"21311260354",115.154328333,-32.65694,328.5,11.1,"2020-11-12 17:04:54","2020TankerNov104"
"21311260354",115.041946667,-32.479005,330,11.1,"2020-11-12 18:09:54","2020TankerNov104"
"21311260354",114.924418333,-32.2985616667,327.9,11.1,"2020-11-12 19:17:33","2020TankerNov104"
"21311260354",114.810606667,-32.1161483333,333.6,11.9,"2020-11-12 20:21:34","2020TankerNov104"
"21311260354",114.696155,-31.9178566667,330,11.9,"2020-11-12 21:27:33","2020TankerNov104"
"21311260354",114.563721667,-31.7346933333,333.1,11.6,"2020-11-12 22:32:53","2020TankerNov104"
"21311260354",114.451551667,-31.5683133333,330.1,10.9,"2020-11-12 23:33:54","2020TankerNov104"
"21311260354",114.303993333,-31.35086,336.1,10.9,"2020-11-13 00:56:33","2020TankerNov104"
"21311260354",114.181676667,-31.12077,334.5,11.2,"2020-11-13 02:19:05","2020TankerNov104"
"21311260354",114.088318333,-30.9498416667,334.3,11,"2020-11-13 03:19:25","2020TankerNov104"
"21311260354",113.990592777667,-30.7975622222333,333.2,10.8,"2020-11-13 04:18:15","2020TankerNov104"
"21311260354",113.892867222333,-30.6452827777667,332.1,10.6,"2020-11-13 05:17:15","2020TankerNov104"
"21311260354",113.795141667,-30.4930033333,331,10.4,"2020-11-13 06:15:15","2020TankerNov104"
"21311260354",113.68485,-30.3088983333,332.8,9.9,"2020-11-13 07:27:55","2020TankerNov104"
"21311260354",113.576983333,-30.1453033333,328.5,10.4,"2020-11-13 08:34:25","2020TankerNov104"
"21311260354",113.483501666333,-30.0237388888667,327.833333333333,10.7666666666667,"2020-11-13 09:26:03","2020TankerNov104"
"21311260354",113.390019999667,-29.9021744444333,327.166666666667,11.1333333333333,"2020-11-13 10:19:03","2020TankerNov104"
"21311260354",113.296538333,-29.78061,326.5,11.5,"2020-11-13 11:10:03","2020TankerNov104"
"21311260354",113.179358333,-29.5954633333,329.1,11.4,"2020-11-13 12:14:13","2020TankerNov104"
"21311260354",113.074266667,-29.4282183333,335.1,11.6,"2020-11-13 13:14:25","2020TankerNov104"
"21311260354",112.978751667,-29.1841366667,343.7,11.8,"2020-11-13 14:33:22","2020TankerNov104"
"21311260354",112.932098333,-28.98499,347.7,11.8,"2020-11-13 15:34:44","2020TankerNov104"
"21311260354",112.887128333,-28.774245,355.4,12.1,"2020-11-13 16:40:14","2020TankerNov104"
"21311260354",112.832969444333,-28.5929344444333,350.1,11.5666666666667,"2020-11-13 17:42:35","2020TankerNov104"
"21311260354",112.778810555667,-28.4116238888667,344.8,11.0333333333333,"2020-11-13 18:45:35","2020TankerNov104"
"21311260354",112.724651667,-28.2303133333,339.5,10.5,"2020-11-13 19:46:35","2020TankerNov104"
"21311260354",112.6846333335,-28.08449416665,342.1,10.7,"2020-11-13 20:38:23","2020TankerNov104"
"21311260354",112.644615,-27.938675,344.7,10.9,"2020-11-13 21:28:23","2020TankerNov104"
"21311260354",112.6024316665,-27.79567083335,344.5,10.65,"2020-11-13 22:20:23","2020TankerNov104"
"21311260354",112.560248333,-27.6526666667,344.3,10.4,"2020-11-13 23:11:23","2020TankerNov104"
"21311260354",112.50368,-27.4789883333,344.1,10.5,"2020-11-14 00:13:35","2020TankerNov104"
"21311260354",112.445013333,-27.30784,344.9,10.7,"2020-11-14 01:14:54","2020TankerNov104"
"21311260354",112.392243333,-27.122775,347.4,11,"2020-11-14 02:18:44","2020TankerNov104"
"21311260354",112.331703333,-26.9060716667,347.9,10.7,"2020-11-14 03:33:44","2020TankerNov104"
"21311260354",112.279243333,-26.7163783333,347.5,10.6,"2020-11-14 04:40:05","2020TankerNov104"
"21311260354",112.233796667,-26.541205,348.1,10.7,"2020-11-14 05:41:14","2020TankerNov104"
"21311260354",112.147986667,-26.2979133333,341.2,11.2,"2020-11-14 07:03:23","2020TankerNov104"
"21311260354",112.067716667,-26.0565333333,345.3,11.5,"2020-11-14 08:24:12","2020TankerNov104"
"21311260354",112.02581,-25.830955,2.2,11,"2020-11-14 09:35:45","2020TankerNov104"
"21311260354",112.0413266665,-25.69304083335,2.95,11,"2020-11-14 10:22:05","2020TankerNov104"
"21311260354",112.056843333,-25.5551266667,3.7,11,"2020-11-14 11:07:05","2020TankerNov104"
"21311260354",112.080328333,-25.3429416667,6.7,11.1,"2020-11-14 12:16:04","2020TankerNov104"
"21311260354",112.109333333,-25.1208316667,10.1,11.3,"2020-11-14 13:28:52","2020TankerNov104"
"21311260354",112.154218333,-24.8915616667,8.2,11.2,"2020-11-14 14:42:55","2020TankerNov104"
"21311260354",112.183276667,-24.6802416667,6.2,11.5,"2020-11-14 15:50:14","2020TankerNov104"
"21311260354",112.205278333,-24.4679916667,3.5,11.5,"2020-11-14 16:57:14","2020TankerNov104"
"21311260354",112.237683333,-24.235725,6.4,11.9,"2020-11-14 18:09:34","2020TankerNov104"
"21311260354",112.28157,-24.04235,5.9,12.1,"2020-11-14 19:09:44","2020TankerNov104"
"21311260354",112.304853333,-23.8385933333,4.8,11.2,"2020-11-14 20:14:04","2020TankerNov104"
"21311260354",112.325861667,-23.6318583333,6.5,11.8,"2020-11-14 21:19:03","2020TankerNov104"
"21311260354",112.362043333,-23.4222716667,10.5,11.3,"2020-11-14 22:24:43","2020TankerNov104"
"21311260354",112.398475,-23.233545,6.4,12,"2020-11-14 23:24:43","2020TankerNov104"
"21311260354",112.421185,-23.01625,3.5,12.1,"2020-11-15 00:29:43","2020TankerNov104"
"21311260354",112.44402,-22.8112616667,7.2,12.4,"2020-11-15 01:29:52","2020TankerNov104"
"21311260354",112.471456667,-22.5958583333,5,12,"2020-11-15 02:33:54","2020TankerNov104"
"21311260354",112.498413333,-22.388275,12.4,12.5,"2020-11-15 03:34:54","2020TankerNov104"
"21311260354",112.551113333,-22.1703233333,13.6,12.3,"2020-11-15 04:39:33","2020TankerNov104"
"21311260354",112.612278333,-21.9562666667,15.9,12.1,"2020-11-15 05:44:55","2020TankerNov104"
"21311260354",112.670273333,-21.7498966667,16.3,11.7,"2020-11-15 06:49:54","2020TankerNov104"
"21311260354",112.71783,-21.5478716667,9.9,11.8,"2020-11-15 07:53:14","2020TankerNov104"
"21311260354",112.765161667,-21.3396316667,11.4,11.8,"2020-11-15 08:58:45","2020TankerNov104"
"21311260354",112.811986667,-21.1401416667,12.4,11.2,"2020-11-15 10:02:53","2020TankerNov104"
"21311260354",112.864755,-20.9389166667,13.5,11.2,"2020-11-15 11:09:23","2020TankerNov104"
"21311260354",112.916736667,-20.75243,15.6,11.7,"2020-11-15 12:09:53","2020TankerNov104"
"21311260354",112.973848333,-20.5418333333,13.6,11.2,"2020-11-15 13:18:35","2020TankerNov104"
"21311260354",113.025123333,-20.343945,14.2,11.2,"2020-11-15 14:24:43","2020TankerNov104"
"21311260354",113.078983333,-20.1548016667,13.5,11.5,"2020-11-15 15:27:14","2020TankerNov104"
"21311260354",113.122423333,-19.956925,10,11.5,"2020-11-15 16:29:53","2020TankerNov104"
"21311260354",113.167408333,-19.7491033333,12.5,11.7,"2020-11-15 17:34:43","2020TankerNov104"
"21311260354",113.216793333,-19.5601733333,16.5,11.4,"2020-11-15 18:34:54","2020TankerNov104"
"21311260354",113.26804,-19.3592433333,11.3,11.7,"2020-11-15 19:38:53","2020TankerNov104"
"21311260354",113.313955,-19.1649283333,11.3,12,"2020-11-15 20:39:54","2020TankerNov104"
"21311260354",113.362938333,-18.9618333333,12.4,11.8,"2020-11-15 21:43:54","2020TankerNov104"
"21311260354",113.413791667,-18.766225,14.1,12.2,"2020-11-15 22:44:53","2020TankerNov104"
"21311260354",113.46657,-18.56656,12.6,12.4,"2020-11-15 23:44:54","2020TankerNov104"
"21311260354",113.513661667,-18.3493983333,11.8,12.1,"2020-11-16 00:49:54","2020TankerNov104"
"21311260354",113.558036667,-18.14192,13.3,11.7,"2020-11-16 01:53:34","2020TankerNov104"
"21311260354",113.60928,-17.9483533333,13.2,11.9,"2020-11-16 02:54:43","2020TankerNov104"
"21311260354",113.651973333,-17.7533766667,12.2,11.9,"2020-11-16 03:54:53","2020TankerNov104"
"21311260354",113.702005,-17.5592816667,17.1,12.3,"2020-11-16 04:54:54","2020TankerNov104"
"21311260354",113.76092,-17.360525,15.1,12.6,"2020-11-16 05:54:54","2020TankerNov104"
"21311260354",113.811633333,-17.1524816667,11.7,12.9,"2020-11-16 06:54:54","2020TankerNov104"
"21311260354",113.863776667,-16.9246733333,13,12.8,"2020-11-16 07:59:54","2020TankerNov104"
"21311260354",113.917348333,-16.69919,11,12.7,"2020-11-16 09:04:54","2020TankerNov104"
"21311260354",113.968478333,-16.4770316667,12.9,12.5,"2020-11-16 10:09:54","2020TankerNov104"
"21311260354",114.024995,-16.2549233333,10.7,12.5,"2020-11-16 11:14:54","2020TankerNov104"
"21311260354",114.074068333,-16.0512433333,14.1,12.9,"2020-11-16 12:14:55","2020TankerNov104"
"21311260354",114.127595,-15.829905,12.9,12.6,"2020-11-16 13:19:34","2020TankerNov104"
"21311260354",114.187521667,-15.6271666667,8.4,12.6,"2020-11-16 14:19:53","2020TankerNov104"
"21311260354",114.2213,-15.4213583333,10,12.2,"2020-11-16 15:19:53","2020TankerNov104"
"21311260354",114.259013333,-15.2234366667,11.4,12,"2020-11-16 16:19:53","2020TankerNov104"
"END",NA,NA,NA,NA,NA,"NA"
"21323041009",115.562483333,-20.8286,61.6,10.1,"2020-11-28 16:05:00","2020TankerNov105"
"21323041009",115.78735,-20.6954633333,56.1,15.8,"2020-11-28 17:09:56","2020TankerNov105"
"21323041009",115.842386667,-20.4368116667,357.3,16.5,"2020-11-28 18:09:56","2020TankerNov105"
"21323041009",115.834641667,-20.1258016667,0.7,16.7,"2020-11-28 19:14:55","2020TankerNov105"
"21323041009",115.852463333,-19.8377183333,5.2,16.8,"2020-11-28 20:14:56","2020TankerNov105"
"21323041009",115.850688333,-19.5249216667,357.4,16.5,"2020-11-28 21:19:56","2020TankerNov105"
"21323041009",115.841055,-19.2110416667,358.2,17.8,"2020-11-28 22:24:56","2020TankerNov105"
"21323041009",115.834211667,-18.89108,358.6,18.2,"2020-11-28 23:29:56","2020TankerNov105"
"21323041009",115.83004,-18.6165066667,358.8,13.3,"2020-11-29 00:29:56","2020TankerNov105"
"21323041009",115.883595,-18.4598383333,20.7,9.4,"2020-11-29 01:29:57","2020TankerNov105"
"21323041009",115.92129,-18.2815183333,358.4,15.1,"2020-11-29 02:29:58","2020TankerNov105"
"21323041009",115.913443333,-17.9982183333,357.3,17.8,"2020-11-29 03:29:58","2020TankerNov105"
"21323041009",115.901495,-17.681,359.1,17.4,"2020-11-29 04:34:58","2020TankerNov105"
"21323041009",115.886811667,-17.3978716667,356.5,16.7,"2020-11-29 05:34:58","2020TankerNov105"
"21323041009",115.863628333,-17.0876883333,355.4,17.3,"2020-11-29 06:39:59","2020TankerNov105"
"21323041009",115.841246667,-16.79364,355.1,17.7,"2020-11-29 07:40:00","2020TankerNov105"
"21323041009",115.819765,-16.4825216667,356.3,18.1,"2020-11-29 08:42:34","2020TankerNov105"
"21323041009",115.801298333,-16.0787816667,357.4,18.2,"2020-11-29 10:03:34","2020TankerNov105"
"21323041009",115.7879675,-15.764115,357.95,17.85,"2020-11-29 11:06:29","2020TankerNov105"
"21323041009",115.774636667,-15.4494483333,358.5,17.5,"2020-11-29 12:08:29","2020TankerNov105"
"END",NA,NA,NA,NA,NA,"NA"
"21484286549",115.266036667,-15.2124183333,182.2,13.4,"2020-11-12 17:34:53","2020TankerNov106"
"21484286549",115.25313,-15.437305,183.8,13.7,"2020-11-12 18:34:53","2020TankerNov106"
"21484286549",115.237535,-15.6670866667,183.7,13.5,"2020-11-12 19:34:56","2020TankerNov106"
"21484286549",115.225263333,-15.9128316667,181.9,13.6,"2020-11-12 20:39:55","2020TankerNov106"
"21484286549",115.216025,-16.1176583333,183.1,11.5,"2020-11-12 21:39:55","2020TankerNov106"
"21484286549",115.20434,-16.311735,183.4,11.7,"2020-11-12 22:39:55","2020TankerNov106"
"21484286549",115.189246667,-16.510215,183.5,11.9,"2020-11-12 23:39:56","2020TankerNov106"
"21484286549",115.171926667,-16.7097816667,183.9,11.8,"2020-11-13 00:39:56","2020TankerNov106"
"21484286549",115.156635,-16.918475,183.8,11,"2020-11-13 01:44:55","2020TankerNov106"
"21484286549",115.148908333,-17.1023966667,183.1,10.8,"2020-11-13 02:44:56","2020TankerNov106"
"21484286549",115.134701667,-17.2981166667,185.7,10.9,"2020-11-13 03:49:56","2020TankerNov106"
"21484286549",115.125823333,-17.4976766667,181.4,10.8,"2020-11-13 04:54:56","2020TankerNov106"
"21484286549",115.115201667,-17.67601,184.1,10.6,"2020-11-13 05:54:56","2020TankerNov106"
"21484286549",115.101083333,-17.8688533333,184.6,10.7,"2020-11-13 06:59:56","2020TankerNov106"
"21484286549",115.090963333,-18.0631266667,182.1,13.2,"2020-11-13 07:59:56","2020TankerNov106"
"21484286549",115.07842,-18.2813916667,184.4,13.1,"2020-11-13 08:59:56","2020TankerNov106"
"21484286549",115.067165,-18.49984,181.6,13.1,"2020-11-13 09:59:56","2020TankerNov106"
"21484286549",115.060625,-18.7190466667,184.9,13,"2020-11-13 10:59:56","2020TankerNov106"
"21484286549",115.038371667,-18.9353133333,182.9,13,"2020-11-13 11:59:56","2020TankerNov106"
"21484286549",115.022353333,-19.1708166667,183.5,13.1,"2020-11-13 13:04:56","2020TankerNov106"
"21484286549",115.008933333,-19.3897016667,183.2,13.2,"2020-11-13 14:04:56","2020TankerNov106"
"21484286549",114.996496667,-19.6283733333,187,12.9,"2020-11-13 15:09:56","2020TankerNov106"
"21484286549",114.978413333,-19.8464983333,183.4,13.1,"2020-11-13 16:09:56","2020TankerNov106"
"21484286549",114.989983333,-20.083245,173.3,12.8,"2020-11-13 17:14:55","2020TankerNov106"
"21484286549",115.018126667,-20.2997033333,172.5,13.4,"2020-11-13 18:14:55","2020TankerNov106"
"21484286549",115.045826667,-20.5159966667,174.2,13.2,"2020-11-13 19:14:56","2020TankerNov106"
"21484286549",115.078355,-20.7476533333,173.85,13.2,"2020-11-13 20:19:55","2020TankerNov106"
"21484286549",115.107371667,-20.9809683333,173.5,13.2,"2020-11-13 21:24:54","2020TankerNov106"
"21484286549",115.21494,-21.1832883333,144.7,14.7,"2020-11-13 22:24:57","2020TankerNov106"
"21484286549",115.242838333,-21.3281016667,222.6,6.5,"2020-11-13 23:29:53","2020TankerNov106"
"21484286549",115.158216667,-21.4018283333,234,6.6,"2020-11-14 00:29:53","2020TankerNov106"
"21484286549",115.058065,-21.4874366667,197.8,8,"2020-11-14 01:29:53","2020TankerNov106"
"21484286549",115.021076667,-21.626295,193.1,7.7,"2020-11-14 02:34:52","2020TankerNov106"
"21484286549",115.00717,-21.676375,203.7,0.1,"2020-11-14 03:34:53","2020TankerNov106"
"21484286549",115.007203333,-21.6763983333,203.7,0.1,"2020-11-14 04:39:59","2020TankerNov106"
"END",NA,NA,NA,NA,NA,"NA"
"21484286549",115.00719,-21.6764516667,294.6,0.1,"2020-11-16 07:34:00","2020TankerNov107"
"21484286549",115.00715,-21.676415,227.1,0.1,"2020-11-16 08:39:59","2020TankerNov107"
"21484286549",115.007173333,-21.6764116667,357.1,0.1,"2020-11-16 09:40:00","2020TankerNov107"
"21484286549",115.007173333,-21.6764183333,184.5,2.1,"2020-11-16 10:43:00","2020TankerNov107"
"21484286549",115.01001,-21.669705,11.9,4.1,"2020-11-16 11:44:51","2020TankerNov107"
"21484286549",115.042108333,-21.5460366667,14.1,7.8,"2020-11-16 12:44:52","2020TankerNov107"
"21484286549",115.14441,-21.4109483333,48.2,11.7,"2020-11-16 13:49:51","2020TankerNov107"
"21484286549",115.241233333,-21.2466066667,351.2,15.3,"2020-11-16 14:50:00","2020TankerNov107"
"21484286549",115.113658333,-21.0117,352.4,16.8,"2020-11-16 15:50:00","2020TankerNov107"
"21484286549",115.070208333,-20.7119666667,353,16.2,"2020-11-16 16:55:00","2020TankerNov107"
"21484286549",115.030761667,-20.4152116667,355,16.6,"2020-11-16 17:59:59","2020TankerNov107"
"21484286549",114.998578333,-20.1450216667,352.5,16.5,"2020-11-16 19:00:00","2020TankerNov107"
"21484286549",115.032526667,-19.8869083333,38.6,16.3,"2020-11-16 20:00:00","2020TankerNov107"
"21484286549",115.205455,-19.666545,35.8,16.2,"2020-11-16 21:00:00","2020TankerNov107"
"21484286549",115.39727,-19.433855,36.3,16.3,"2020-11-16 22:04:54","2020TankerNov107"
"21484286549",115.574433333,-19.2199066667,38.5,16.1,"2020-11-16 23:04:54","2020TankerNov107"
"21484286549",115.75254,-19.00674,37.6,16.2,"2020-11-17 00:05:00","2020TankerNov107"
"END",NA,NA,NA,NA,NA,"NA"
